tech d1 d2 d3 d4 d5 dispo
1 4 5 0 4 3 [ 22 ]
2 3 0 2 5 5 [ ]
3 0 0 1 0 5 [ ]
4 2 2 2 4 3 [ 2 23 ]
5 1 2 4 4 0 [ ]
6 1 2 5 2 1 [ 5 ]
7 0 3 2 2 1 [ ]
8 2 0 3 5 0 [ 2 15 ]
9 0 5 1 1 4 [ 19 ]
10 0 1 0 2 1 [ ]
11 3 1 5 2 1 [ 6 10 ]
12 4 5 1 1 5 [ 8 ]
13 5 5 5 1 5 [ 13 ]
14 0 3 4 4 1 [ 15 ]
15 3 0 3 3 2 [ 4 19 ]
16 5 1 5 2 5 [ 1 2 ]
17 1 3 5 1 3 [ ]
18 4 5 1 0 2 [ 28 ]
19 3 4 2 3 2 [ ]
20 1 4 1 2 1 [ 7 ]
21 4 1 3 1 2 [ 21 ]
22 5 2 3 0 2 [ 8 ]
23 5 0 4 0 4 [ 8 18 ]
24 5 2 0 4 4 [ 2 17 ]
25 3 3 4 4 4 [ 3 ]
26 3 4 0 1 3 [ ]
27 0 3 0 0 4 [ ]
28 1 4 3 0 3 [ 8 21 ]
29 2 3 2 2 2 [ 15 ]
30 5 4 0 1 1 [ 1 ]
31 5 0 2 5 1 [ 1 3 27 ]
32 4 2 0 1 4 [ ]
33 4 4 2 2 0 [ 26 ]
34 2 5 2 5 5 [ 26 30 ]
35 0 3 5 2 1 [ 17 ]
36 4 0 1 4 5 [ ]
37 1 0 0 4 0 [ 16 ]
38 5 3 3 3 3 [ 16 ]
39 2 2 0 1 4 [ 26 28 ]
40 4 4 0 5 3 [ 19 ]
