tech d1 d2 d3 d4 d5 dispo
1 3 3 1 4 2 [ 8 15 20 ]
2 3 4 2 1 3 [ 1 3 7 8 17 ]
3 4 1 1 2 2 [ 6 9 13 16 20 ]
4 4 3 4 3 3 [ 3 6 ]
5 2 4 4 4 2 [ 8 13 16 ]
6 1 3 1 1 4 [ 1 5 7 14 ]
7 2 4 3 4 4 [ 2 5 9 14 15 17 18 ]
8 3 1 4 2 3 [ 1 3 6 8 14 ]
9 4 4 3 2 3 [ 4 17 20 ]
10 2 3 3 2 4 [ 7 8 13 15 ]
11 3 2 4 3 2 [ 12 19 ]
12 3 3 1 2 1 [ 3 6 18 19 ]
13 1 3 4 2 1 [ 6 10 15 18 19 ]
14 4 1 2 3 1 [ 12 14 ]
15 1 4 4 4 1 [ 9 10 14 ]
16 3 4 2 4 2 [ 7 10 15 20 ]
17 1 2 2 2 1 [ 2 4 6 7 13 14 20 ]
18 1 1 1 4 3 [ 3 10 19 ]
19 2 4 3 3 2 [ 2 12 17 18 ]
20 2 3 2 3 1 [ 5 14 17 ]
