number time preds prio cost d1_1 d1_2 d1_3 d2_1 d2_2 d2_3 d3_1 d3_2 d3_3 d4_1 d4_2 d4_3 d5_1 d5_2 d5_3 d6_1 d6_2 d6_3 d7_1 d7_2 d7_3 d8_1 d8_2 d8_3  
1 15 [ ] 4 40 0 0 0 0 0 0 0 0 0 0 0 0 0 0 0 1 0 0 0 0 0 0 0 0 
2 15 [ ] 3 40 0 0 0 0 0 0 0 0 0 0 0 0 0 0 0 0 0 0 4 2 0 0 0 0 
3 15 [ ] 1 100 0 0 0 0 0 0 0 0 0 0 0 0 0 0 0 3 0 0 0 0 0 0 0 0 
4 15 [ 2 3 ] 4 50 0 0 0 0 0 0 0 0 0 0 0 0 0 0 0 0 0 0 0 0 0 5 0 0 
5 15 [ ] 1 40 0 0 0 0 0 0 0 0 0 0 0 0 0 0 0 0 0 0 3 1 0 0 0 0 
6 45 [ ] 4 20 0 0 0 0 0 0 2 1 0 0 0 0 0 0 0 0 0 0 0 0 0 0 0 0 
7 15 [ 5 6 ] 4 40 0 0 0 0 0 0 0 0 0 0 0 0 4 0 0 0 0 0 0 0 0 0 0 0 
8 45 [ ] 1 100 0 0 0 0 0 0 0 0 0 0 0 0 4 2 0 0 0 0 0 0 0 0 0 0 
9 45 [ 6 7 8 ] 4 100 0 0 0 0 0 0 0 0 0 0 0 0 0 0 0 5 2 0 0 0 0 0 0 0 
10 15 [ ] 1 40 0 0 0 0 0 0 4 2 0 0 0 0 0 0 0 0 0 0 0 0 0 0 0 0 
11 15 [ 8 9 10 ] 4 20 0 0 0 0 0 0 0 0 0 0 0 0 0 0 0 0 0 0 3 0 0 0 0 0 
12 15 [ 11 ] 4 40 0 0 0 0 0 0 4 0 0 0 0 0 0 0 0 0 0 0 0 0 0 0 0 0 
13 15 [ 10 11 12 ] 4 20 0 0 0 0 0 0 0 0 0 0 0 0 0 0 0 3 0 0 0 0 0 0 0 0 
14 15 [ 13 ] 4 100 2 0 0 0 0 0 0 0 0 0 0 0 0 0 0 0 0 0 0 0 0 0 0 0 
15 45 [ ] 1 20 0 0 0 0 0 0 0 0 0 0 0 0 0 0 0 0 0 0 2 0 0 0 0 0 
16 15 [ 15 ] 2 50 0 0 0 0 0 0 1 0 0 0 0 0 0 0 0 0 0 0 0 0 0 0 0 0 
17 15 [ 15 16 ] 3 20 3 2 0 0 0 0 5 5 0 0 0 0 3 1 0 0 0 0 3 0 0 3 3 0 
18 15 [ 16 17 ] 3 20 5 0 0 0 0 0 0 0 0 0 0 0 0 0 0 0 0 0 0 0 0 0 0 0 
19 15 [ 17 18 ] 3 100 0 0 0 0 0 0 0 0 0 2 1 0 0 0 0 0 0 0 0 0 0 0 0 0 
20 45 [ ] 1 40 0 0 0 0 0 0 0 0 0 0 0 0 0 0 0 0 0 0 0 0 0 4 0 0 
21 15 [ ] 1 100 0 0 0 0 0 0 0 0 0 0 0 0 0 0 0 0 0 0 0 0 0 3 2 0 
22 15 [ ] 3 20 0 0 0 0 0 0 0 0 0 0 0 0 0 0 0 0 0 0 0 0 0 2 2 0 
23 15 [ 22 ] 3 40 0 0 0 2 0 0 2 0 0 5 0 0 0 0 0 0 0 0 0 0 0 0 0 0 
24 15 [ 23 ] 3 50 0 0 0 0 0 0 4 0 0 0 0 0 0 0 0 0 0 0 0 0 0 0 0 0 
25 15 [ ] 1 20 0 0 0 0 0 0 2 2 0 0 0 0 0 0 0 0 0 0 0 0 0 0 0 0 
26 15 [ ] 1 100 4 1 0 4 3 0 2 1 0 2 0 0 3 2 0 3 1 0 0 0 0 0 0 0 
27 15 [ ] 4 20 0 0 0 1 1 0 0 0 0 0 0 0 0 0 0 0 0 0 0 0 0 0 0 0 
28 15 [ ] 1 20 0 0 0 0 0 0 3 3 0 0 0 0 0 0 0 0 0 0 0 0 0 0 0 0 
29 45 [ ] 1 20 0 0 0 0 0 0 0 0 0 0 0 0 0 0 0 2 0 0 0 0 0 0 0 0 
30 15 [ ] 2 20 1 1 0 0 0 0 0 0 0 0 0 0 0 0 0 0 0 0 0 0 0 0 0 0 
31 45 [ 28 29 30 ] 2 20 0 0 0 0 0 0 0 0 0 0 0 0 1 1 0 0 0 0 0 0 0 0 0 0 
32 45 [ ] 1 20 0 0 0 0 0 0 1 1 0 0 0 0 0 0 0 0 0 0 0 0 0 0 0 0 
33 15 [ 31 32 ] 2 40 0 0 0 2 0 0 4 0 0 3 1 0 0 0 0 0 0 0 2 0 0 0 0 0 
34 15 [ ] 1 50 0 0 0 0 0 0 0 0 0 0 0 0 0 0 0 0 0 0 0 0 0 3 0 0 
35 15 [ 34 ] 2 20 0 0 0 0 0 0 0 0 0 1 1 0 0 0 0 0 0 0 0 0 0 0 0 0 
36 45 [ 34 35 ] 2 100 0 0 0 0 0 0 0 0 0 0 0 0 0 0 0 0 0 0 2 0 0 0 0 0 
37 45 [ ] 1 20 0 0 0 0 0 0 0 0 0 0 0 0 5 0 0 0 0 0 0 0 0 0 0 0 
38 15 [ ] 1 50 0 0 0 0 0 0 4 0 0 0 0 0 0 0 0 0 0 0 0 0 0 0 0 0 
39 45 [ 36 37 38 ] 2 20 0 0 0 0 0 0 0 0 0 0 0 0 0 0 0 0 0 0 0 0 0 4 0 0 
40 15 [ ] 3 20 0 0 0 0 0 0 0 0 0 0 0 0 0 0 0 0 0 0 1 0 0 0 0 0 
41 15 [ 39 40 ] 4 20 0 0 0 0 0 0 0 0 0 0 0 0 0 0 0 0 0 0 0 0 0 4 2 0 
42 15 [ 39 40 41 ] 4 40 0 0 0 0 0 0 0 0 0 0 0 0 0 0 0 4 0 0 0 0 0 0 0 0 
43 15 [ 40 41 42 ] 4 20 0 0 0 4 0 0 0 0 0 0 0 0 0 0 0 0 0 0 0 0 0 0 0 0 
44 15 [ 41 42 43 ] 4 20 4 0 0 0 0 0 0 0 0 0 0 0 0 0 0 0 0 0 0 0 0 0 0 0 
45 15 [ ] 1 40 0 0 0 3 1 0 0 0 0 0 0 0 0 0 0 0 0 0 0 0 0 0 0 0 
46 15 [ 45 ] 3 100 0 0 0 0 0 0 0 0 0 0 0 0 0 0 0 3 2 0 0 0 0 0 0 0 
47 15 [ 46 ] 3 40 0 0 0 0 0 0 0 0 0 0 0 0 0 0 0 5 3 0 0 0 0 0 0 0 
48 15 [ 47 ] 3 20 0 0 0 0 0 0 0 0 0 0 0 0 0 0 0 0 0 0 0 0 0 4 0 0 
49 15 [ ] 1 20 0 0 0 2 0 0 0 0 0 0 0 0 0 0 0 0 0 0 0 0 0 0 0 0 
50 15 [ 47 48 49 ] 3 20 3 2 0 4 1 0 3 0 0 0 0 0 2 0 0 3 2 0 4 2 0 2 0 0 
51 45 [ ] 1 50 0 0 0 0 0 0 0 0 0 0 0 0 0 0 0 0 0 0 0 0 0 3 2 0 
52 15 [ 51 ] 1 40 0 0 0 0 0 0 2 2 0 0 0 0 0 0 0 0 0 0 0 0 0 0 0 0 
53 15 [ 50 51 52 ] 4 100 0 0 0 0 0 0 0 0 0 0 0 0 0 0 0 5 0 0 0 0 0 0 0 0 
54 15 [ ] 1 40 3 1 0 0 0 0 0 0 0 0 0 0 0 0 0 0 0 0 0 0 0 0 0 0 
55 15 [ ] 2 20 0 0 0 0 0 0 0 0 0 0 0 0 4 3 0 0 0 0 0 0 0 0 0 0 
56 15 [ ] 1 40 2 0 0 2 0 0 3 3 0 4 2 0 2 0 0 2 1 0 2 2 0 2 1 0 
57 15 [ ] 1 20 0 0 0 0 0 0 0 0 0 0 0 0 0 0 0 4 2 0 0 0 0 0 0 0 
58 15 [ 56 57 ] 1 20 0 0 0 0 0 0 4 3 0 0 0 0 0 0 0 0 0 0 0 0 0 0 0 0 
59 15 [ 56 57 58 ] 1 40 0 0 0 0 0 0 0 0 0 0 0 0 0 0 0 3 1 0 0 0 0 0 0 0 
60 15 [ 58 59 ] 3 40 0 0 0 0 0 0 0 0 0 0 0 0 0 0 0 4 2 0 0 0 0 0 0 0 
61 45 [ ] 1 50 0 0 0 0 0 0 3 3 0 0 0 0 0 0 0 0 0 0 0 0 0 0 0 0 
62 15 [ ] 1 100 0 0 0 0 0 0 2 2 0 0 0 0 0 0 0 0 0 0 0 0 0 0 0 0 
63 15 [ ] 1 40 0 0 0 0 0 0 0 0 0 0 0 0 0 0 0 4 0 0 0 0 0 0 0 0 
64 45 [ ] 1 40 0 0 0 0 0 0 0 0 0 2 2 0 0 0 0 0 0 0 0 0 0 0 0 0 
65 15 [ 63 64 ] 1 50 0 0 0 0 0 0 4 3 0 0 0 0 0 0 0 0 0 0 0 0 0 0 0 0 
66 15 [ ] 1 40 0 0 0 0 0 0 2 0 0 0 0 0 0 0 0 0 0 0 0 0 0 0 0 0 
67 45 [ ] 1 20 1 0 0 0 0 0 0 0 0 0 0 0 0 0 0 0 0 0 0 0 0 0 0 0 
68 15 [ 66 67 ] 2 100 0 0 0 4 0 0 0 0 0 0 0 0 0 0 0 0 0 0 0 0 0 0 0 0 
69 45 [ 66 67 68 ] 2 20 0 0 0 0 0 0 0 0 0 0 0 0 0 0 0 0 0 0 0 0 0 2 0 0 
70 15 [ ] 3 100 0 0 0 0 0 0 0 0 0 0 0 0 0 0 0 0 0 0 0 0 0 4 0 0 
71 15 [ 68 69 70 ] 3 40 3 2 0 0 0 0 1 0 0 5 0 0 0 0 0 0 0 0 4 4 0 0 0 0 
72 45 [ 71 ] 4 20 2 0 0 3 2 0 5 0 0 1 1 0 4 1 0 0 0 0 2 2 0 5 3 0 
73 15 [ 70 71 72 ] 4 40 2 0 0 0 0 0 4 0 0 0 0 0 4 2 0 0 0 0 3 0 0 4 2 0 
74 15 [ 71 72 73 ] 4 100 3 1 0 3 0 0 0 0 0 4 3 0 0 0 0 0 0 0 0 0 0 0 0 0 
75 45 [ ] 1 40 2 0 0 0 0 0 0 0 0 0 0 0 0 0 0 0 0 0 0 0 0 0 0 0 
76 15 [ 74 75 ] 4 50 0 0 0 0 0 0 0 0 0 0 0 0 2 1 0 0 0 0 0 0 0 0 0 0 
77 15 [ 74 75 76 ] 4 50 0 0 0 0 0 0 0 0 0 0 0 0 0 0 0 0 0 0 0 0 0 2 1 0 
78 15 [ ] 1 40 0 0 0 0 0 0 0 0 0 0 0 0 0 0 0 0 0 0 2 0 0 0 0 0 
79 15 [ ] 1 40 0 0 0 0 0 0 2 2 0 0 0 0 0 0 0 0 0 0 0 0 0 0 0 0 
80 15 [ ] 4 20 0 0 0 0 0 0 0 0 0 0 0 0 0 0 0 5 0 0 0 0 0 0 0 0 
81 15 [ 79 80 ] 4 100 0 0 0 0 0 0 0 0 0 0 0 0 0 0 0 4 0 0 0 0 0 0 0 0 
82 45 [ ] 1 20 2 1 0 0 0 0 0 0 0 0 0 0 0 0 0 0 0 0 0 0 0 0 0 0 
83 15 [ ] 1 20 0 0 0 0 0 0 0 0 0 0 0 0 0 0 0 3 0 0 0 0 0 0 0 0 
84 45 [ ] 1 40 4 0 0 0 0 0 0 0 0 0 0 0 0 0 0 0 0 0 0 0 0 0 0 0 
85 45 [ 82 83 84 ] 1 20 0 0 0 0 0 0 0 0 0 0 0 0 1 1 0 0 0 0 0 0 0 0 0 0 
86 45 [ ] 4 40 0 0 0 0 0 0 3 2 0 0 0 0 0 0 0 0 0 0 0 0 0 0 0 0 
87 45 [ ] 1 100 2 2 0 0 0 0 0 0 0 0 0 0 5 0 0 3 0 0 0 0 0 5 3 0 
88 15 [ 87 ] 1 20 5 0 0 0 0 0 0 0 0 0 0 0 0 0 0 0 0 0 0 0 0 0 0 0 
89 15 [ ] 1 40 0 0 0 0 0 0 4 0 0 3 2 0 0 0 0 3 0 0 0 0 0 0 0 0 
90 15 [ 87 88 89 ] 1 40 0 0 0 0 0 0 0 0 0 0 0 0 0 0 0 3 0 0 0 0 0 0 0 0 
91 15 [ ] 1 20 0 0 0 0 0 0 0 0 0 0 0 0 0 0 0 0 0 0 0 0 0 1 0 0 
92 15 [ 89 90 91 ] 1 40 0 0 0 4 2 0 0 0 0 0 0 0 0 0 0 0 0 0 0 0 0 0 0 0 
93 45 [ 92 ] 1 100 3 0 0 0 0 0 0 0 0 0 0 0 0 0 0 0 0 0 0 0 0 0 0 0 
94 15 [ 92 93 ] 1 20 0 0 0 4 3 0 0 0 0 0 0 0 0 0 0 0 0 0 0 0 0 0 0 0 
95 15 [ 93 94 ] 1 100 0 0 0 0 0 0 0 0 0 0 0 0 2 1 0 0 0 0 0 0 0 0 0 0 
96 45 [ ] 1 20 0 0 0 0 0 0 2 0 0 5 0 0 2 2 0 0 0 0 0 0 0 0 0 0 
97 15 [ ] 1 20 3 0 0 0 0 0 4 0 0 3 2 0 0 0 0 2 1 0 5 3 0 0 0 0 
98 45 [ 97 ] 1 100 0 0 0 0 0 0 0 0 0 0 0 0 0 0 0 0 0 0 0 0 0 4 4 0 
99 15 [ ] 2 40 0 0 0 0 0 0 0 0 0 0 0 0 0 0 0 1 0 0 0 0 0 0 0 0 
100 15 [ 99 ] 2 50 0 0 0 0 0 0 0 0 0 0 0 0 0 0 0 0 0 0 0 0 0 2 0 0 
101 15 [ ] 1 50 0 0 0 0 0 0 4 3 0 0 0 0 0 0 0 0 0 0 0 0 0 0 0 0 
102 15 [ 101 ] 1 50 0 0 0 4 3 0 0 0 0 0 0 0 0 0 0 0 0 0 0 0 0 0 0 0 
103 15 [ 102 ] 4 40 0 0 0 0 0 0 0 0 0 0 0 0 0 0 0 0 0 0 0 0 0 4 0 0 
104 15 [ ] 1 50 0 0 0 0 0 0 0 0 0 0 0 0 3 0 0 0 0 0 0 0 0 0 0 0 
105 45 [ ] 2 40 0 0 0 0 0 0 0 0 0 0 0 0 0 0 0 0 0 0 4 2 0 0 0 0 
106 15 [ 103 104 105 ] 4 20 0 0 0 0 0 0 0 0 0 0 0 0 0 0 0 0 0 0 1 0 0 0 0 0 
107 15 [ 106 ] 4 20 0 0 0 0 0 0 0 0 0 0 0 0 0 0 0 0 0 0 0 0 0 3 2 0 
108 15 [ 106 107 ] 4 40 3 2 0 4 0 0 4 4 0 0 0 0 2 0 0 4 2 0 3 0 0 0 0 0 
109 15 [ ] 1 40 0 0 0 0 0 0 2 2 0 0 0 0 0 0 0 0 0 0 0 0 0 0 0 0 
110 15 [ ] 2 40 0 0 0 0 0 0 1 1 0 0 0 0 0 0 0 0 0 0 0 0 0 0 0 0 
111 45 [ ] 1 50 0 0 0 5 0 0 0 0 0 0 0 0 0 0 0 0 0 0 0 0 0 0 0 0 
112 15 [ ] 2 50 0 0 0 0 0 0 0 0 0 0 0 0 3 0 0 0 0 0 0 0 0 0 0 0 
113 15 [ 110 111 112 ] 2 50 0 0 0 0 0 0 0 0 0 0 0 0 5 0 0 0 0 0 0 0 0 0 0 0 
114 15 [ ] 1 40 0 0 0 0 0 0 0 0 0 0 0 0 0 0 0 0 0 0 0 0 0 3 0 0 
115 15 [ ] 1 50 0 0 0 0 0 0 0 0 0 5 0 0 0 0 0 0 0 0 0 0 0 0 0 0 
116 15 [ ] 1 20 0 0 0 0 0 0 3 0 0 0 0 0 0 0 0 0 0 0 0 0 0 0 0 0 
117 15 [ 115 116 ] 4 40 0 0 0 0 0 0 0 0 0 0 0 0 0 0 0 0 0 0 0 0 0 2 2 0 
118 45 [ 116 117 ] 4 40 2 1 0 5 3 0 2 0 0 3 0 0 0 0 0 2 2 0 3 3 0 4 0 0 
119 15 [ 118 ] 4 40 0 0 0 0 0 0 0 0 0 0 0 0 1 1 0 0 0 0 0 0 0 0 0 0 
120 15 [ ] 1 40 0 0 0 0 0 0 0 0 0 4 0 0 0 0 0 0 0 0 0 0 0 0 0 0 
121 15 [ ] 2 40 4 0 0 0 0 0 0 0 0 0 0 0 0 0 0 0 0 0 0 0 0 0 0 0 
122 15 [ ] 1 100 0 0 0 0 0 0 0 0 0 0 0 0 0 0 0 3 0 0 0 0 0 0 0 0 
123 15 [ 122 ] 1 100 0 0 0 0 0 0 0 0 0 0 0 0 0 0 0 5 3 0 0 0 0 0 0 0 
124 15 [ 121 122 123 ] 2 40 0 0 0 0 0 0 0 0 0 0 0 0 0 0 0 3 0 0 0 0 0 0 0 0 
125 15 [ 122 123 124 ] 4 20 0 0 0 0 0 0 0 0 0 2 2 0 0 0 0 0 0 0 0 0 0 0 0 0 
126 15 [ ] 1 20 0 0 0 0 0 0 0 0 0 0 0 0 0 0 0 4 2 0 0 0 0 0 0 0 
127 15 [ ] 1 100 0 0 0 3 2 0 0 0 0 0 0 0 0 0 0 0 0 0 0 0 0 0 0 0 
128 15 [ ] 1 50 0 0 0 0 0 0 0 0 0 2 0 0 0 0 0 0 0 0 0 0 0 0 0 0 
129 15 [ ] 2 40 4 1 0 3 2 0 4 2 0 2 0 0 4 2 0 4 0 0 4 3 0 1 1 0 
130 45 [ ] 4 100 0 0 0 0 0 0 1 1 0 0 0 0 0 0 0 0 0 0 0 0 0 0 0 0 
131 15 [ ] 1 40 4 4 0 0 0 0 0 0 0 0 0 0 0 0 0 0 0 0 0 0 0 0 0 0 
132 15 [ 129 130 131 ] 4 40 0 0 0 2 0 0 0 0 0 0 0 0 0 0 0 0 0 0 0 0 0 0 0 0 
133 45 [ ] 1 100 4 0 0 0 0 0 0 0 0 0 0 0 0 0 0 0 0 0 0 0 0 0 0 0 
134 45 [ 132 133 ] 4 40 0 0 0 0 0 0 0 0 0 0 0 0 0 0 0 0 0 0 2 1 0 0 0 0 
135 15 [ 132 133 134 ] 4 20 0 0 0 0 0 0 0 0 0 0 0 0 0 0 0 1 1 0 0 0 0 3 2 0 
136 15 [ 133 134 135 ] 4 40 0 0 0 0 0 0 0 0 0 0 0 0 0 0 0 0 0 0 0 0 0 1 0 0 
137 15 [ ] 2 20 0 0 0 0 0 0 0 0 0 0 0 0 4 2 0 0 0 0 0 0 0 0 0 0 
138 15 [ ] 2 40 0 0 0 0 0 0 0 0 0 3 0 0 0 0 0 0 0 0 0 0 0 0 0 0 
139 15 [ ] 1 40 0 0 0 0 0 0 0 0 0 0 0 0 0 0 0 0 0 0 0 0 0 5 2 0 
140 15 [ ] 1 20 0 0 0 0 0 0 0 0 0 0 0 0 0 0 0 0 0 0 4 0 0 0 0 0 
141 15 [ ] 1 40 0 0 0 0 0 0 0 0 0 0 0 0 0 0 0 2 1 0 0 0 0 0 0 0 
142 45 [ ] 4 20 4 1 0 0 0 0 0 0 0 0 0 0 0 0 0 0 0 0 0 0 0 0 0 0 
143 15 [ ] 1 40 0 0 0 0 0 0 0 0 0 1 0 0 0 0 0 0 0 0 0 0 0 0 0 0 
144 15 [ 142 143 ] 4 20 0 0 0 0 0 0 0 0 0 2 0 0 0 0 0 0 0 0 0 0 0 0 0 0 
145 45 [ 143 144 ] 4 20 0 0 0 0 0 0 0 0 0 0 0 0 4 0 0 0 0 0 0 0 0 0 0 0 
146 45 [ 145 ] 4 40 0 0 0 2 0 0 0 0 0 0 0 0 0 0 0 0 0 0 0 0 0 0 0 0 
147 45 [ 145 146 ] 4 20 0 0 0 0 0 0 0 0 0 0 0 0 0 0 0 5 3 0 0 0 0 0 0 0 
148 15 [ 146 147 ] 4 20 0 0 0 0 0 0 0 0 0 4 0 0 0 0 0 0 0 0 0 0 0 0 0 0 
149 15 [ ] 1 100 0 0 0 0 0 0 0 0 0 0 0 0 0 0 0 0 0 0 0 0 0 3 2 0 
150 15 [ ] 1 40 4 4 0 0 0 0 0 0 0 0 0 0 0 0 0 0 0 0 0 0 0 0 0 0 
151 15 [ ] 1 20 0 0 0 3 0 0 0 0 0 0 0 0 0 0 0 0 0 0 0 0 0 0 0 0 
152 15 [ ] 1 40 4 2 0 0 0 0 0 0 0 0 0 0 0 0 0 0 0 0 0 0 0 0 0 0 
153 15 [ 150 151 152 ] 1 40 0 0 0 3 2 0 0 0 0 0 0 0 0 0 0 0 0 0 0 0 0 0 0 0 
154 45 [ 153 ] 1 40 3 2 0 3 0 0 1 0 0 4 0 0 2 0 0 3 1 0 4 2 0 4 1 0 
155 15 [ ] 1 40 0 0 0 0 0 0 0 0 0 0 0 0 2 1 0 0 0 0 0 0 0 0 0 0 
156 45 [ 154 155 ] 4 100 0 0 0 0 0 0 0 0 0 0 0 0 2 0 0 0 0 0 0 0 0 0 0 0 
157 15 [ ] 2 40 0 0 0 0 0 0 0 0 0 0 0 0 0 0 0 3 1 0 0 0 0 0 0 0 
158 15 [ 157 ] 3 40 0 0 0 0 0 0 0 0 0 0 0 0 0 0 0 0 0 0 0 0 0 3 2 0 
159 15 [ 158 ] 3 40 0 0 0 0 0 0 3 0 0 0 0 0 0 0 0 0 0 0 0 0 0 0 0 0 
160 15 [ ] 1 50 0 0 0 0 0 0 0 0 0 0 0 0 0 0 0 0 0 0 4 2 0 0 0 0 
161 45 [ ] 1 40 2 0 0 0 0 0 0 0 0 0 0 0 0 0 0 0 0 0 0 0 0 0 0 0 
162 15 [ 160 161 ] 4 40 0 0 0 0 0 0 0 0 0 3 0 0 0 0 0 0 0 0 0 0 0 0 0 0 
163 15 [ ] 1 40 0 0 0 0 0 0 0 0 0 3 0 0 0 0 0 0 0 0 0 0 0 0 0 0 
164 15 [ 162 163 ] 4 40 0 0 0 0 0 0 0 0 0 0 0 0 0 0 0 1 1 0 0 0 0 0 0 0 
165 15 [ ] 1 40 3 2 0 0 0 0 0 0 0 0 0 0 0 0 0 0 0 0 0 0 0 0 0 0 
166 15 [ ] 1 50 2 1 0 0 0 0 0 0 0 0 0 0 0 0 0 0 0 0 0 0 0 0 0 0 
167 15 [ ] 4 100 2 1 0 0 0 0 0 0 0 0 0 0 0 0 0 0 0 0 0 0 0 0 0 0 
168 15 [ ] 1 20 1 0 0 5 3 0 2 0 0 5 1 0 3 0 0 2 0 0 4 3 0 1 1 0 
169 15 [ 167 168 ] 4 40 0 0 0 0 0 0 0 0 0 0 0 0 3 0 0 0 0 0 0 0 0 0 0 0 
170 15 [ 167 168 169 ] 4 40 0 0 0 0 0 0 0 0 0 0 0 0 0 0 0 0 0 0 0 0 0 4 0 0 
171 15 [ ] 1 40 0 0 0 0 0 0 0 0 0 0 0 0 0 0 0 0 0 0 4 0 0 0 0 0 
172 15 [ ] 1 20 0 0 0 4 0 0 0 0 0 0 0 0 0 0 0 0 0 0 0 0 0 0 0 0 
173 45 [ 171 172 ] 1 20 3 0 0 0 0 0 0 0 0 0 0 0 0 0 0 0 0 0 0 0 0 0 0 0 
174 45 [ 171 172 173 ] 4 20 0 0 0 0 0 0 0 0 0 0 0 0 0 0 0 3 2 0 0 0 0 0 0 0 
175 45 [ ] 1 50 0 0 0 3 0 0 0 0 0 0 0 0 0 0 0 0 0 0 0 0 0 0 0 0 
176 45 [ ] 4 40 0 0 0 0 0 0 0 0 0 0 0 0 0 0 0 2 2 0 0 0 0 0 0 0 
177 15 [ 175 176 ] 4 40 0 0 0 0 0 0 0 0 0 0 0 0 0 0 0 0 0 0 0 0 0 4 0 0 
178 15 [ ] 1 20 0 0 0 0 0 0 0 0 0 2 1 0 0 0 0 0 0 0 0 0 0 0 0 0 
179 15 [ ] 1 100 0 0 0 0 0 0 0 0 0 2 0 0 0 0 0 0 0 0 0 0 0 0 0 0 
180 15 [ ] 1 40 0 0 0 0 0 0 3 1 0 0 0 0 0 0 0 0 0 0 0 0 0 0 0 0 
181 15 [ 180 ] 1 40 4 1 0 0 0 0 0 0 0 0 0 0 0 0 0 0 0 0 0 0 0 0 0 0 
182 15 [ 180 181 ] 3 100 0 0 0 4 0 0 0 0 0 0 0 0 0 0 0 0 0 0 0 0 0 0 0 0 
183 15 [ ] 1 20 0 0 0 4 0 0 0 0 0 0 0 0 0 0 0 0 0 0 0 0 0 0 0 0 
184 15 [ 182 183 ] 3 50 0 0 0 2 2 0 0 0 0 0 0 0 0 0 0 0 0 0 0 0 0 0 0 0 
185 15 [ 182 183 184 ] 4 20 0 0 0 0 0 0 0 0 0 0 0 0 0 0 0 0 0 0 0 0 0 3 2 0 
186 45 [ 184 185 ] 4 100 5 3 0 0 0 0 0 0 0 0 0 0 0 0 0 0 0 0 0 0 0 0 0 0 
187 15 [ 186 ] 4 40 0 0 0 0 0 0 0 0 0 0 0 0 0 0 0 0 0 0 4 0 0 0 0 0 
188 15 [ 187 ] 4 40 0 0 0 0 0 0 0 0 0 0 0 0 0 0 0 0 0 0 2 0 0 0 0 0 
189 45 [ ] 2 20 0 0 0 0 0 0 1 0 0 0 0 0 0 0 0 0 0 0 0 0 0 0 0 0 
190 15 [ ] 1 50 5 0 0 0 0 0 0 0 0 0 0 0 0 0 0 0 0 0 0 0 0 0 0 0 
191 45 [ ] 1 20 0 0 0 0 0 0 0 0 0 0 0 0 0 0 0 0 0 0 4 0 0 0 0 0 
192 15 [ ] 1 40 0 0 0 0 0 0 0 0 0 1 1 0 0 0 0 0 0 0 0 0 0 0 0 0 
193 15 [ ] 1 40 0 0 0 0 0 0 0 0 0 0 0 0 0 0 0 4 4 0 0 0 0 0 0 0 
194 45 [ 192 193 ] 4 40 0 0 0 0 0 0 0 0 0 0 0 0 0 0 0 3 0 0 0 0 0 0 0 0 
195 15 [ ] 4 100 0 0 0 3 3 0 0 0 0 0 0 0 0 0 0 0 0 0 0 0 0 0 0 0 
196 15 [ 195 ] 4 20 5 0 0 5 0 0 4 0 0 4 0 0 0 0 0 4 0 0 4 0 0 4 3 0 
197 15 [ 195 196 ] 4 40 0 0 0 0 0 0 0 0 0 4 2 0 0 0 0 0 0 0 0 0 0 0 0 0 
198 15 [ 195 196 197 ] 4 50 0 0 0 5 4 0 0 0 0 0 0 0 0 0 0 0 0 0 0 0 0 0 0 0 
199 15 [ 198 ] 4 20 0 0 0 0 0 0 0 0 0 0 0 0 0 0 0 0 0 0 0 0 0 4 3 0 
200 45 [ ] 1 20 0 0 0 0 0 0 2 1 0 0 0 0 0 0 0 0 0 0 0 0 0 0 0 0 
201 15 [ 199 200 ] 4 50 0 0 0 0 0 0 2 0 0 0 0 0 0 0 0 0 0 0 0 0 0 0 0 0 
202 15 [ ] 1 20 0 0 0 0 0 0 0 0 0 2 0 0 0 0 0 0 0 0 0 0 0 0 0 0 
203 15 [ ] 1 50 0 0 0 0 0 0 0 0 0 0 0 0 0 0 0 0 0 0 0 0 0 3 1 0 
204 15 [ 202 203 ] 1 40 0 0 0 0 0 0 0 0 0 0 0 0 2 2 0 0 0 0 0 0 0 0 0 0 
205 15 [ ] 2 20 0 0 0 0 0 0 0 0 0 3 1 0 0 0 0 0 0 0 0 0 0 0 0 0 
206 15 [ 205 ] 2 40 0 0 0 0 0 0 0 0 0 0 0 0 4 3 0 0 0 0 0 0 0 0 0 0 
207 15 [ 206 ] 2 20 0 0 0 0 0 0 2 0 0 0 0 0 0 0 0 0 0 0 0 0 0 0 0 0 
208 15 [ 206 207 ] 2 20 0 0 0 0 0 0 0 0 0 0 0 0 0 0 0 0 0 0 2 2 0 0 0 0 
209 45 [ ] 1 20 0 0 0 0 0 0 4 0 0 5 0 0 0 0 0 0 0 0 0 0 0 0 0 0 
210 15 [ 207 208 209 ] 2 100 0 0 0 0 0 0 0 0 0 0 0 0 0 0 0 0 0 0 0 0 0 2 0 0 
211 15 [ 210 ] 4 50 0 0 0 5 0 0 0 0 0 0 0 0 0 0 0 0 0 0 0 0 0 0 0 0 
212 15 [ ] 1 20 0 0 0 0 0 0 0 0 0 0 0 0 0 0 0 5 2 0 0 0 0 0 0 0 
213 15 [ 211 212 ] 4 20 0 0 0 0 0 0 0 0 0 0 0 0 4 4 0 0 0 0 0 0 0 0 0 0 
214 15 [ 211 212 213 ] 4 40 0 0 0 0 0 0 0 0 0 0 0 0 0 0 0 2 2 0 0 0 0 0 0 0 
215 45 [ ] 1 100 0 0 0 0 0 0 0 0 0 0 0 0 4 0 0 0 0 0 0 0 0 0 0 0 
216 15 [ 215 ] 1 50 0 0 0 0 0 0 0 0 0 3 0 0 0 0 0 0 0 0 0 0 0 0 0 0 
217 15 [ 214 215 216 ] 4 40 0 0 0 0 0 0 0 0 0 3 0 0 0 0 0 0 0 0 0 0 0 0 0 0 
218 45 [ 217 ] 4 20 0 0 0 0 0 0 5 3 0 0 0 0 0 0 0 0 0 0 0 0 0 0 0 0 
219 15 [ 218 ] 4 50 4 0 0 4 1 0 0 0 0 0 0 0 3 0 0 3 0 0 4 0 0 0 0 0 
220 15 [ 219 ] 4 40 0 0 0 0 0 0 0 0 0 0 0 0 0 0 0 0 0 0 2 2 0 0 0 0 
221 15 [ 219 220 ] 4 100 0 0 0 4 2 0 0 0 0 0 0 0 0 0 0 0 0 0 0 0 0 0 0 0 
222 15 [ 219 220 221 ] 4 20 0 0 0 4 1 0 0 0 0 0 0 0 0 0 0 0 0 0 0 0 0 0 0 0 
223 45 [ 220 221 222 ] 4 40 0 0 0 0 0 0 0 0 0 0 0 0 0 0 0 0 0 0 3 0 0 0 0 0 
224 15 [ ] 1 20 3 2 0 0 0 0 0 0 0 0 0 0 0 0 0 0 0 0 0 0 0 0 0 0 
225 15 [ ] 1 40 0 0 0 0 0 0 3 0 0 0 0 0 0 0 0 0 0 0 0 0 0 0 0 0 
226 15 [ ] 1 40 0 0 0 0 0 0 0 0 0 0 0 0 0 0 0 0 0 0 4 3 0 0 0 0 
227 15 [ ] 1 20 0 0 0 0 0 0 0 0 0 0 0 0 0 0 0 0 0 0 0 0 0 4 2 0 
228 15 [ ] 4 100 0 0 0 0 0 0 0 0 0 0 0 0 0 0 0 2 1 0 0 0 0 0 0 0 
229 15 [ ] 4 100 0 0 0 0 0 0 1 0 0 3 1 0 3 1 0 4 1 0 0 0 0 3 0 0 
230 45 [ ] 1 20 0 0 0 0 0 0 0 0 0 0 0 0 0 0 0 0 0 0 0 0 0 3 0 0 
231 15 [ ] 2 40 0 0 0 0 0 0 0 0 0 0 0 0 0 0 0 3 0 0 0 0 0 0 0 0 
232 15 [ 231 ] 4 100 0 0 0 0 0 0 0 0 0 0 0 0 0 0 0 2 0 0 0 0 0 0 0 0 
233 15 [ 231 232 ] 4 20 0 0 0 0 0 0 0 0 0 3 2 0 0 0 0 0 0 0 0 0 0 0 0 0 
234 45 [ ] 1 50 0 0 0 0 0 0 2 2 0 0 0 0 0 0 0 0 0 0 0 0 0 0 0 0 
235 15 [ ] 1 20 0 0 0 0 0 0 0 0 0 0 0 0 4 3 0 0 0 0 0 0 0 0 0 0 
236 15 [ 233 234 235 ] 4 40 0 0 0 0 0 0 0 0 0 0 0 0 0 0 0 0 0 0 2 2 0 0 0 0 
237 15 [ ] 4 40 0 0 0 0 0 0 0 0 0 0 0 0 0 0 0 3 2 0 0 0 0 0 0 0 
238 15 [ ] 1 20 0 0 0 0 0 0 5 0 0 0 0 0 0 0 0 0 0 0 0 0 0 0 0 0 
239 15 [ 238 ] 2 100 0 0 0 0 0 0 0 0 0 0 0 0 0 0 0 4 0 0 0 0 0 0 0 0 
240 15 [ ] 2 100 0 0 0 0 0 0 5 0 0 0 0 0 0 0 0 0 0 0 0 0 0 0 0 0 
241 15 [ ] 1 20 1 1 0 0 0 0 0 0 0 0 0 0 0 0 0 0 0 0 0 0 0 0 0 0 
242 15 [ ] 1 40 2 2 0 3 0 0 1 1 0 3 0 0 4 0 0 0 0 0 3 0 0 5 2 0 
243 15 [ ] 4 40 0 0 0 0 0 0 0 0 0 0 0 0 0 0 0 2 2 0 0 0 0 0 0 0 
244 15 [ ] 1 40 0 0 0 0 0 0 0 0 0 0 0 0 4 0 0 0 0 0 0 0 0 0 0 0 
245 45 [ 242 243 244 ] 4 20 0 0 0 0 0 0 0 0 0 0 0 0 0 0 0 0 0 0 3 2 0 0 0 0 
246 15 [ 244 245 ] 4 40 0 0 0 0 0 0 0 0 0 0 0 0 0 0 0 3 0 0 0 0 0 0 0 0 
247 15 [ 244 245 246 ] 4 40 0 0 0 0 0 0 0 0 0 2 2 0 0 0 0 0 0 0 0 0 0 0 0 0 
248 15 [ 246 247 ] 4 40 0 0 0 0 0 0 0 0 0 0 0 0 3 0 0 0 0 0 0 0 0 0 0 0 
249 15 [ ] 3 100 0 0 0 3 0 0 0 0 0 0 0 0 0 0 0 0 0 0 0 0 0 0 0 0 
250 15 [ ] 1 20 0 0 0 0 0 0 0 0 0 0 0 0 0 0 0 0 0 0 2 2 0 0 0 0 
251 15 [ ] 2 20 0 0 0 4 0 0 0 0 0 0 0 0 5 0 0 0 0 0 0 0 0 0 0 0 
252 15 [ ] 1 20 0 0 0 0 0 0 0 0 0 0 0 0 0 0 0 2 2 0 0 0 0 0 0 0 
253 15 [ ] 1 20 0 0 0 0 0 0 1 0 0 0 0 0 0 0 0 0 0 0 0 0 0 0 0 0 
254 45 [ ] 3 40 0 0 0 0 0 0 0 0 0 0 0 0 0 0 0 0 0 0 2 2 0 0 0 0 
255 15 [ 252 253 254 ] 3 20 0 0 0 0 0 0 0 0 0 0 0 0 3 0 0 0 0 0 0 0 0 0 0 0 
256 15 [ ] 1 50 3 0 0 0 0 0 0 0 0 0 0 0 0 0 0 0 0 0 0 0 0 0 0 0 
257 45 [ ] 1 40 1 0 0 3 2 0 2 1 0 0 0 0 0 0 0 5 1 0 0 0 0 2 1 0 
258 15 [ ] 3 40 0 0 0 5 0 0 0 0 0 0 0 0 0 0 0 2 0 0 2 0 0 0 0 0 
259 15 [ ] 1 100 0 0 0 0 0 0 1 0 0 0 0 0 0 0 0 0 0 0 0 0 0 0 0 0 
260 15 [ ] 1 40 0 0 0 0 0 0 3 2 0 0 0 0 0 0 0 0 0 0 0 0 0 0 0 0 
261 15 [ 259 260 ] 1 40 2 0 0 0 0 0 0 0 0 0 0 0 0 0 0 0 0 0 0 0 0 0 0 0 
262 45 [ ] 1 40 3 0 0 0 0 0 0 0 0 0 0 0 0 0 0 0 0 0 0 0 0 0 0 0 
263 15 [ 260 261 262 ] 1 20 1 1 0 0 0 0 0 0 0 0 0 0 0 0 0 0 0 0 0 0 0 0 0 0 
264 15 [ 261 262 263 ] 3 50 0 0 0 0 0 0 0 0 0 0 0 0 0 0 0 0 0 0 0 0 0 4 3 0 
265 45 [ ] 1 20 0 0 0 0 0 0 0 0 0 0 0 0 0 0 0 0 0 0 0 0 0 2 0 0 
266 15 [ 264 265 ] 3 20 0 0 0 0 0 0 0 0 0 0 0 0 0 0 0 1 1 0 0 0 0 0 0 0 
267 15 [ 265 266 ] 3 100 0 0 0 0 0 0 3 2 0 0 0 0 0 0 0 0 0 0 0 0 0 0 0 0 
268 45 [ 267 ] 3 40 0 0 0 3 2 0 0 0 0 0 0 0 0 0 0 0 0 0 0 0 0 0 0 0 
269 15 [ ] 1 50 3 1 0 0 0 0 0 0 0 0 0 0 0 0 0 0 0 0 0 0 0 4 2 0 
270 15 [ 269 ] 3 40 0 0 0 0 0 0 0 0 0 0 0 0 0 0 0 0 0 0 2 0 0 0 0 0 
271 15 [ 270 ] 3 40 0 0 0 3 0 0 0 0 0 0 0 0 0 0 0 0 0 0 0 0 0 0 0 0 
272 15 [ 269 270 271 ] 3 20 0 0 0 0 0 0 0 0 0 0 0 0 4 2 0 0 0 0 0 0 0 0 0 0 
273 15 [ ] 3 40 0 0 0 0 0 0 0 0 0 0 0 0 0 0 0 0 0 0 0 0 0 4 0 0 
274 15 [ ] 1 40 0 0 0 0 0 0 3 0 0 0 0 0 0 0 0 0 0 0 0 0 0 0 0 0 
275 15 [ ] 1 100 2 2 0 4 0 0 4 3 0 5 1 0 4 2 0 4 2 0 4 2 0 2 0 0 
276 15 [ 273 274 275 ] 3 50 0 0 0 0 0 0 0 0 0 0 0 0 0 0 0 2 1 0 0 0 0 0 0 0 
277 45 [ ] 3 20 0 0 0 0 0 0 5 0 0 0 0 0 0 0 0 0 0 0 4 3 0 0 0 0 
278 45 [ ] 1 40 0 0 0 5 0 0 0 0 0 0 0 0 0 0 0 0 0 0 0 0 0 0 0 0 
279 15 [ 277 278 ] 3 20 0 0 0 0 0 0 0 0 0 0 0 0 0 0 0 0 0 0 0 0 0 5 0 0 
280 15 [ ] 1 40 5 3 0 0 0 0 0 0 0 0 0 0 0 0 0 0 0 0 0 0 0 0 0 0 
281 15 [ ] 1 40 0 0 0 0 0 0 4 2 0 0 0 0 0 0 0 0 0 0 0 0 0 0 0 0 
282 45 [ ] 2 100 0 0 0 2 1 0 2 0 0 4 2 0 2 0 0 0 0 0 2 2 0 0 0 0 
283 15 [ 280 281 282 ] 2 20 0 0 0 0 0 0 0 0 0 4 0 0 0 0 0 0 0 0 0 0 0 0 0 0 
284 15 [ 283 ] 3 40 4 3 0 0 0 0 0 0 0 0 0 0 0 0 0 0 0 0 0 0 0 0 0 0 
285 15 [ ] 1 40 0 0 0 0 0 0 0 0 0 0 0 0 0 0 0 0 0 0 5 0 0 0 0 0 
286 15 [ 283 284 285 ] 4 40 0 0 0 2 1 0 0 0 0 0 0 0 0 0 0 0 0 0 0 0 0 0 0 0 
287 15 [ ] 1 40 0 0 0 0 0 0 0 0 0 0 0 0 0 0 0 0 0 0 0 0 0 2 1 0 
288 15 [ 285 286 287 ] 4 100 0 0 0 4 3 0 0 0 0 0 0 0 0 0 0 0 0 0 0 0 0 0 0 0 
289 15 [ ] 1 40 0 0 0 0 0 0 0 0 0 0 0 0 0 0 0 0 0 0 0 0 0 5 4 0 
290 45 [ ] 1 40 0 0 0 2 2 0 0 0 0 0 0 0 0 0 0 0 0 0 0 0 0 0 0 0 
291 15 [ 290 ] 2 20 0 0 0 0 0 0 0 0 0 0 0 0 4 0 0 0 0 0 0 0 0 0 0 0 
292 15 [ 289 290 291 ] 2 20 0 0 0 0 0 0 0 0 0 0 0 0 0 0 0 4 2 0 0 0 0 0 0 0 
293 15 [ 291 292 ] 2 20 0 0 0 0 0 0 0 0 0 0 0 0 3 0 0 0 0 0 0 0 0 0 0 0 
294 15 [ ] 1 20 0 0 0 3 3 0 0 0 0 0 0 0 0 0 0 2 0 0 0 0 0 2 2 0 
295 45 [ 294 ] 1 20 0 0 0 2 0 0 0 0 0 0 0 0 0 0 0 0 0 0 0 0 0 0 0 0 
296 15 [ ] 3 50 0 0 0 0 0 0 0 0 0 0 0 0 0 0 0 0 0 0 0 0 0 4 0 0 
297 15 [ 294 295 296 ] 3 20 5 3 0 0 0 0 0 0 0 0 0 0 0 0 0 0 0 0 0 0 0 0 0 0 
298 15 [ 296 297 ] 3 50 0 0 0 0 0 0 0 0 0 0 0 0 0 0 0 3 2 0 0 0 0 0 0 0 
299 15 [ 298 ] 3 40 0 0 0 3 1 0 0 0 0 0 0 0 0 0 0 0 0 0 0 0 0 0 0 0 
300 15 [ ] 1 50 0 0 0 0 0 0 0 0 0 0 0 0 0 0 0 0 0 0 0 0 0 4 3 0 
301 15 [ 300 ] 1 50 0 0 0 0 0 0 0 0 0 0 0 0 0 0 0 0 0 0 4 0 0 0 0 0 
302 15 [ ] 1 100 0 0 0 0 0 0 0 0 0 0 0 0 5 2 0 0 0 0 0 0 0 2 0 0 
303 45 [ 300 301 302 ] 1 100 5 0 0 0 0 0 0 0 0 0 0 0 0 0 0 0 0 0 0 0 0 0 0 0 
304 15 [ ] 1 50 2 1 0 0 0 0 0 0 0 4 2 0 0 0 0 0 0 0 0 0 0 0 0 0 
305 15 [ 303 304 ] 1 20 0 0 0 0 0 0 0 0 0 0 0 0 0 0 0 0 0 0 1 0 0 0 0 0 
306 45 [ ] 1 20 0 0 0 4 3 0 0 0 0 0 0 0 0 0 0 0 0 0 0 0 0 0 0 0 
307 15 [ ] 1 100 0 0 0 0 0 0 0 0 0 1 0 0 0 0 0 0 0 0 0 0 0 0 0 0 
308 45 [ ] 2 20 0 0 0 0 0 0 0 0 0 0 0 0 0 0 0 0 0 0 0 0 0 1 0 0 
309 45 [ 306 307 308 ] 2 50 0 0 0 0 0 0 0 0 0 0 0 0 0 0 0 3 2 0 0 0 0 0 0 0 
310 15 [ ] 1 20 0 0 0 0 0 0 0 0 0 2 1 0 0 0 0 0 0 0 0 0 0 0 0 0 
311 45 [ ] 1 40 0 0 0 0 0 0 0 0 0 0 0 0 1 0 0 0 0 0 0 0 0 0 0 0 
312 45 [ ] 1 100 0 0 0 0 0 0 0 0 0 0 0 0 0 0 0 0 0 0 0 0 0 2 1 0 
313 15 [ ] 1 50 0 0 0 0 0 0 0 0 0 0 0 0 0 0 0 0 0 0 4 2 0 0 0 0 
314 15 [ 313 ] 1 100 0 0 0 0 0 0 0 0 0 0 0 0 0 0 0 1 0 0 0 0 0 0 0 0 
315 15 [ ] 2 20 0 0 0 0 0 0 0 0 0 0 0 0 0 0 0 2 0 0 0 0 0 0 0 0 
316 15 [ ] 4 100 0 0 0 0 0 0 0 0 0 0 0 0 3 0 0 0 0 0 0 0 0 0 0 0 
317 15 [ 316 ] 4 20 0 0 0 0 0 0 0 0 0 0 0 0 0 0 0 1 1 0 0 0 0 0 0 0 
318 45 [ 315 316 317 ] 4 20 0 0 0 0 0 0 0 0 0 0 0 0 0 0 0 0 0 0 0 0 0 3 0 0 
319 15 [ 317 318 ] 4 20 0 0 0 0 0 0 0 0 0 0 0 0 0 0 0 0 0 0 4 0 0 0 0 0 
320 15 [ ] 4 40 0 0 0 0 0 0 0 0 0 2 0 0 0 0 0 0 0 0 0 0 0 0 0 0 
321 15 [ ] 1 100 0 0 0 0 0 0 0 0 0 0 0 0 3 3 0 0 0 0 0 0 0 0 0 0 
322 15 [ ] 1 20 0 0 0 0 0 0 0 0 0 0 0 0 0 0 0 0 0 0 2 0 0 0 0 0 
323 15 [ 322 ] 2 20 0 0 0 2 2 0 0 0 0 0 0 0 0 0 0 0 0 0 0 0 0 0 0 0 
324 45 [ 322 323 ] 2 20 0 0 0 0 0 0 3 3 0 0 0 0 0 0 0 0 0 0 0 0 0 0 0 0 
325 15 [ 324 ] 4 20 0 0 0 2 0 0 0 0 0 0 0 0 0 0 0 0 0 0 0 0 0 0 0 0 
326 15 [ ] 1 20 0 0 0 0 0 0 0 0 0 0 0 0 1 0 0 0 0 0 0 0 0 0 0 0 
327 15 [ 326 ] 1 100 0 0 0 0 0 0 0 0 0 0 0 0 0 0 0 3 2 0 0 0 0 0 0 0 
328 15 [ ] 1 40 0 0 0 0 0 0 0 0 0 0 0 0 0 0 0 3 3 0 0 0 0 0 0 0 
329 15 [ 326 327 328 ] 4 40 3 3 0 0 0 0 2 2 0 3 0 0 5 0 0 2 0 0 2 2 0 2 0 0 
330 15 [ 329 ] 4 40 0 0 0 0 0 0 0 0 0 0 0 0 0 0 0 0 0 0 0 0 0 5 0 0 
331 45 [ ] 1 20 0 0 0 0 0 0 0 0 0 5 2 0 0 0 0 0 0 0 0 0 0 0 0 0 
332 15 [ 329 330 331 ] 4 100 0 0 0 0 0 0 0 0 0 4 3 0 0 0 0 0 0 0 0 0 0 0 0 0 
333 45 [ ] 3 20 3 1 0 0 0 0 0 0 0 0 0 0 0 0 0 0 0 0 0 0 0 0 0 0 
334 45 [ 332 333 ] 4 40 0 0 0 0 0 0 0 0 0 0 0 0 0 0 0 0 0 0 0 0 0 4 2 0 
335 15 [ 334 ] 4 50 4 0 0 0 0 0 0 0 0 0 0 0 0 0 0 4 0 0 0 0 0 0 0 0 
336 45 [ ] 2 20 0 0 0 0 0 0 0 0 0 0 0 0 0 0 0 0 0 0 5 4 0 0 0 0 
337 15 [ 334 335 336 ] 4 20 0 0 0 0 0 0 5 2 0 0 0 0 0 0 0 0 0 0 0 0 0 0 0 0 
338 15 [ 336 337 ] 4 40 0 0 0 0 0 0 0 0 0 0 0 0 0 0 0 2 0 0 0 0 0 0 0 0 
339 45 [ ] 1 100 0 0 0 0 0 0 1 1 0 0 0 0 0 0 0 5 0 0 4 2 0 0 0 0 
340 45 [ ] 1 50 0 0 0 0 0 0 0 0 0 0 0 0 0 0 0 0 0 0 0 0 0 3 2 0 
341 15 [ 340 ] 1 40 0 0 0 0 0 0 0 0 0 4 0 0 0 0 0 0 0 0 0 0 0 0 0 0 
342 15 [ ] 1 20 5 0 0 0 0 0 0 0 0 0 0 0 0 0 0 0 0 0 0 0 0 0 0 0 
343 15 [ ] 2 20 2 2 0 0 0 0 0 0 0 0 0 0 0 0 0 0 0 0 0 0 0 0 0 0 
344 15 [ ] 3 40 0 0 0 0 0 0 3 0 0 0 0 0 0 0 0 3 2 0 4 0 0 4 3 0 
345 15 [ ] 2 20 0 0 0 0 0 0 1 0 0 0 0 0 0 0 0 0 0 0 0 0 0 0 0 0 
346 45 [ ] 4 40 0 0 0 0 0 0 4 0 0 0 0 0 0 0 0 0 0 0 0 0 0 0 0 0 
347 15 [ ] 1 20 0 0 0 0 0 0 0 0 0 0 0 0 4 0 0 0 0 0 0 0 0 0 0 0 
348 15 [ 346 347 ] 4 20 0 0 0 0 0 0 0 0 0 0 0 0 0 0 0 2 0 0 0 0 0 0 0 0 
349 45 [ ] 1 50 2 0 0 0 0 0 0 0 0 0 0 0 0 0 0 0 0 0 0 0 0 0 0 0 
350 45 [ 348 349 ] 4 100 0 0 0 2 2 0 4 0 0 4 3 0 4 1 0 5 4 0 2 0 0 2 0 0 
351 15 [ ] 1 20 0 0 0 3 3 0 0 0 0 0 0 0 0 0 0 0 0 0 0 0 0 0 0 0 
352 45 [ 349 350 351 ] 4 40 0 0 0 0 0 0 0 0 0 0 0 0 0 0 0 0 0 0 0 0 0 4 0 0 
353 15 [ 351 352 ] 4 100 0 0 0 0 0 0 0 0 0 0 0 0 0 0 0 0 0 0 0 0 0 2 0 0 
354 15 [ 352 353 ] 4 20 2 2 0 0 0 0 0 0 0 0 0 0 0 0 0 0 0 0 0 0 0 0 0 0 
355 15 [ 353 354 ] 4 40 0 0 0 0 0 0 0 0 0 0 0 0 0 0 0 0 0 0 2 1 0 0 0 0 
356 15 [ ] 4 40 0 0 0 0 0 0 0 0 0 0 0 0 4 1 0 0 0 0 0 0 0 0 0 0 
357 15 [ 354 355 356 ] 4 40 0 0 0 0 0 0 0 0 0 0 0 0 0 0 0 0 0 0 4 3 0 0 0 0 
358 15 [ 357 ] 4 40 0 0 0 0 0 0 0 0 0 0 0 0 2 0 0 0 0 0 0 0 0 0 0 0 
359 15 [ 356 357 358 ] 4 100 0 0 0 0 0 0 0 0 0 0 0 0 0 0 0 3 0 0 2 0 0 4 0 0 
360 15 [ 357 358 359 ] 4 20 3 0 0 0 0 0 0 0 0 0 0 0 0 0 0 0 0 0 0 0 0 0 0 0 
361 15 [ 358 359 360 ] 4 40 0 0 0 4 1 0 0 0 0 0 0 0 0 0 0 0 0 0 0 0 0 0 0 0 
362 15 [ ] 1 100 0 0 0 0 0 0 3 2 0 0 0 0 0 0 0 0 0 0 0 0 0 0 0 0 
363 15 [ ] 4 40 0 0 0 0 0 0 0 0 0 0 0 0 0 0 0 4 2 0 0 0 0 0 0 0 
364 45 [ 362 363 ] 4 40 4 0 0 0 0 0 0 0 0 0 0 0 0 0 0 0 0 0 0 0 0 0 0 0 
365 15 [ 362 363 364 ] 4 40 0 0 0 0 0 0 0 0 0 0 0 0 0 0 0 0 0 0 3 2 0 0 0 0 
366 45 [ ] 2 20 0 0 0 0 0 0 0 0 0 0 0 0 0 0 0 0 0 0 2 0 0 0 0 0 
367 15 [ 366 ] 3 20 4 0 0 0 0 0 0 0 0 0 0 0 0 0 0 0 0 0 0 0 0 0 0 0 
368 15 [ ] 2 20 5 0 0 0 0 0 0 0 0 0 0 0 0 0 0 0 0 0 0 0 0 0 0 0 
369 15 [ 366 367 368 ] 3 100 0 0 0 0 0 0 3 3 0 0 0 0 0 0 0 0 0 0 0 0 0 0 0 0 
370 15 [ ] 1 50 0 0 0 0 0 0 0 0 0 0 0 0 0 0 0 0 0 0 0 0 0 3 2 0 
371 15 [ ] 1 100 0 0 0 0 0 0 0 0 0 0 0 0 0 0 0 0 0 0 0 0 0 4 0 0 
372 15 [ ] 4 50 0 0 0 0 0 0 0 0 0 0 0 0 0 0 0 0 0 0 3 2 0 0 0 0 
373 15 [ ] 3 100 0 0 0 0 0 0 0 0 0 0 0 0 0 0 0 0 0 0 0 0 0 4 0 0 
374 15 [ 371 372 373 ] 4 20 0 0 0 0 0 0 0 0 0 0 0 0 4 0 0 0 0 0 0 0 0 0 0 0 
375 15 [ 374 ] 4 50 0 0 0 1 0 0 0 0 0 0 0 0 0 0 0 0 0 0 0 0 0 0 0 0 
376 15 [ 374 375 ] 4 40 0 0 0 0 0 0 0 0 0 0 0 0 0 0 0 0 0 0 0 0 0 2 2 0 
377 15 [ ] 2 50 4 2 0 0 0 0 0 0 0 0 0 0 0 0 0 0 0 0 0 0 0 0 0 0 
378 15 [ 377 ] 2 40 0 0 0 0 0 0 0 0 0 0 0 0 0 0 0 0 0 0 4 0 0 0 0 0 
379 15 [ ] 1 20 0 0 0 0 0 0 0 0 0 0 0 0 0 0 0 0 0 0 4 3 0 0 0 0 
380 45 [ ] 1 40 0 0 0 0 0 0 0 0 0 0 0 0 0 0 0 0 0 0 3 0 0 0 0 0 
381 15 [ ] 1 20 3 0 0 3 1 0 3 3 0 1 0 0 0 0 0 0 0 0 0 0 0 2 0 0 
382 15 [ ] 4 20 0 0 0 0 0 0 0 0 0 0 0 0 0 0 0 4 2 0 0 0 0 0 0 0 
383 15 [ ] 1 50 0 0 0 0 0 0 0 0 0 2 0 0 0 0 0 0 0 0 1 1 0 0 0 0 
384 15 [ ] 1 20 0 0 0 0 0 0 0 0 0 4 0 0 0 0 0 0 0 0 0 0 0 0 0 0 
385 15 [ 384 ] 4 50 0 0 0 3 0 0 1 1 0 5 2 0 2 0 0 0 0 0 3 0 0 0 0 0 
386 15 [ ] 1 50 0 0 0 0 0 0 0 0 0 0 0 0 0 0 0 0 0 0 2 1 0 0 0 0 
387 15 [ ] 1 20 0 0 0 3 0 0 0 0 0 0 0 0 0 0 0 0 0 0 0 0 0 0 0 0 
388 15 [ ] 1 50 0 0 0 0 0 0 0 0 0 0 0 0 2 0 0 0 0 0 0 0 0 0 0 0 
389 45 [ 388 ] 3 50 4 1 0 0 0 0 0 0 0 0 0 0 0 0 0 0 0 0 0 0 0 0 0 0 
390 15 [ ] 4 100 0 0 0 0 0 0 0 0 0 0 0 0 0 0 0 0 0 0 5 3 0 0 0 0 
391 15 [ 389 390 ] 4 40 0 0 0 0 0 0 0 0 0 0 0 0 0 0 0 0 0 0 0 0 0 2 2 0 
392 15 [ 391 ] 4 50 0 0 0 0 0 0 0 0 0 0 0 0 0 0 0 0 0 0 2 1 0 0 0 0 
393 15 [ 390 391 392 ] 4 20 0 0 0 0 0 0 0 0 0 3 3 0 0 0 0 0 0 0 0 0 0 0 0 0 
394 45 [ 392 393 ] 4 40 0 0 0 0 0 0 0 0 0 0 0 0 0 0 0 0 0 0 0 0 0 3 0 0 
395 15 [ 393 394 ] 4 20 0 0 0 4 2 0 0 0 0 0 0 0 0 0 0 0 0 0 0 0 0 0 0 0 
396 45 [ 393 394 395 ] 4 20 0 0 0 0 0 0 2 1 0 0 0 0 0 0 0 0 0 0 0 0 0 0 0 0 
397 15 [ 396 ] 4 40 0 0 0 0 0 0 0 0 0 0 0 0 1 0 0 0 0 0 0 0 0 0 0 0 
398 15 [ 397 ] 4 100 4 3 0 0 0 0 0 0 0 0 0 0 0 0 0 0 0 0 0 0 0 0 0 0 
399 15 [ ] 2 20 2 0 0 0 0 0 0 0 0 2 2 0 0 0 0 0 0 0 0 0 0 5 0 0 
400 15 [ 399 ] 2 40 0 0 0 0 0 0 0 0 0 0 0 0 0 0 0 0 0 0 4 0 0 0 0 0 
401 15 [ ] 1 50 0 0 0 0 0 0 0 0 0 0 0 0 0 0 0 4 0 0 0 0 0 0 0 0 
402 15 [ ] 1 100 0 0 0 0 0 0 0 0 0 0 0 0 0 0 0 0 0 0 2 1 0 0 0 0 
403 45 [ ] 1 20 0 0 0 0 0 0 0 0 0 0 0 0 0 0 0 0 0 0 3 0 0 0 0 0 
404 15 [ 403 ] 1 40 0 0 0 0 0 0 3 0 0 0 0 0 2 0 0 0 0 0 2 2 0 5 0 0 
405 45 [ 403 404 ] 1 40 0 0 0 2 2 0 0 0 0 0 0 0 0 0 0 0 0 0 4 0 0 4 0 0 
406 15 [ ] 2 100 0 0 0 2 1 0 0 0 0 0 0 0 0 0 0 0 0 0 0 0 0 0 0 0 
407 15 [ ] 3 100 0 0 0 0 0 0 0 0 0 0 0 0 0 0 0 0 0 0 5 5 0 0 0 0 
408 45 [ 405 406 407 ] 3 40 0 0 0 0 0 0 0 0 0 0 0 0 0 0 0 0 0 0 0 0 0 3 0 0 
409 15 [ 408 ] 3 100 4 0 0 0 0 0 0 0 0 0 0 0 0 0 0 0 0 0 0 0 0 0 0 0 
410 45 [ ] 3 20 0 0 0 0 0 0 0 0 0 0 0 0 0 0 0 0 0 0 2 0 0 0 0 0 
411 15 [ ] 1 100 3 0 0 0 0 0 0 0 0 0 0 0 0 0 0 0 0 0 0 0 0 0 0 0 
412 15 [ ] 1 20 0 0 0 3 0 0 0 0 0 0 0 0 0 0 0 0 0 0 0 0 0 0 0 0 
413 15 [ 411 412 ] 1 20 0 0 0 4 2 0 0 0 0 0 0 0 0 0 0 0 0 0 0 0 0 0 0 0 
414 15 [ ] 1 40 0 0 0 0 0 0 0 0 0 0 0 0 3 3 0 0 0 0 0 0 0 0 0 0 
415 15 [ 414 ] 1 40 2 0 0 0 0 0 0 0 0 0 0 0 0 0 0 0 0 0 0 0 0 3 0 0 
416 15 [ ] 1 20 0 0 0 0 0 0 0 0 0 2 1 0 0 0 0 0 0 0 0 0 0 0 0 0 
417 15 [ ] 1 50 4 0 0 2 0 0 2 0 0 3 3 0 3 0 0 4 0 0 2 0 0 3 3 0 
418 15 [ 416 417 ] 3 100 3 1 0 0 0 0 5 3 0 4 0 0 2 0 0 0 0 0 0 0 0 4 3 0 
419 15 [ 416 417 418 ] 3 50 0 0 0 0 0 0 0 0 0 0 0 0 3 1 0 0 0 0 0 0 0 0 0 0 
420 15 [ 418 419 ] 3 20 0 0 0 0 0 0 0 0 0 0 0 0 0 0 0 0 0 0 0 0 0 2 0 0 
421 15 [ ] 4 40 0 0 0 0 0 0 0 0 0 2 0 0 0 0 0 0 0 0 0 0 0 0 0 0 
422 15 [ 421 ] 4 40 0 0 0 0 0 0 0 0 0 0 0 0 2 0 0 0 0 0 0 0 0 0 0 0 
423 15 [ 422 ] 4 100 0 0 0 0 0 0 0 0 0 3 0 0 0 0 0 0 0 0 0 0 0 0 0 0 
424 15 [ ] 1 100 2 2 0 1 1 0 5 4 0 4 0 0 2 1 0 4 2 0 2 0 0 4 3 0 
425 15 [ 424 ] 1 40 0 0 0 0 0 0 0 0 0 0 0 0 3 0 0 0 0 0 0 0 0 0 0 0 
426 15 [ 425 ] 1 40 0 0 0 0 0 0 0 0 0 0 0 0 5 3 0 0 0 0 0 0 0 0 0 0 
427 15 [ ] 1 20 2 0 0 0 0 0 0 0 0 3 1 0 0 0 0 4 0 0 0 0 0 0 0 0 
428 15 [ 427 ] 1 40 0 0 0 0 0 0 0 0 0 3 0 0 0 0 0 0 0 0 0 0 0 0 0 0 
429 15 [ 426 427 428 ] 1 40 0 0 0 4 2 0 0 0 0 0 0 0 0 0 0 0 0 0 0 0 0 0 0 0 
430 15 [ 427 428 429 ] 1 50 0 0 0 0 0 0 0 0 0 0 0 0 0 0 0 0 0 0 2 0 0 0 0 0 
431 15 [ ] 1 20 4 3 0 0 0 0 0 0 0 0 0 0 0 0 0 0 0 0 0 0 0 0 0 0 
432 15 [ ] 1 20 0 0 0 2 2 0 0 0 0 0 0 0 0 0 0 0 0 0 0 0 0 0 0 0 
433 15 [ ] 1 20 2 2 0 0 0 0 0 0 0 0 0 0 0 0 0 0 0 0 0 0 0 0 0 0 
434 15 [ 432 433 ] 1 20 0 0 0 4 0 0 0 0 0 0 0 0 0 0 0 0 0 0 0 0 0 0 0 0 
435 15 [ 434 ] 1 20 4 0 0 3 3 0 4 0 0 3 3 0 2 1 0 4 3 0 4 3 0 2 2 0 
436 15 [ 434 435 ] 1 40 0 0 0 0 0 0 1 1 0 0 0 0 0 0 0 0 0 0 0 0 0 0 0 0 
437 15 [ ] 1 40 0 0 0 4 0 0 0 0 0 0 0 0 0 0 0 0 0 0 0 0 0 0 0 0 
438 15 [ ] 1 40 0 0 0 0 0 0 0 0 0 3 0 0 0 0 0 0 0 0 0 0 0 0 0 0 
439 15 [ 437 438 ] 4 40 0 0 0 1 1 0 0 0 0 0 0 0 0 0 0 0 0 0 0 0 0 0 0 0 
440 45 [ ] 1 40 4 2 0 0 0 0 0 0 0 0 0 0 0 0 0 0 0 0 0 0 0 0 0 0 
441 15 [ ] 1 50 3 0 0 0 0 0 0 0 0 0 0 0 0 0 0 0 0 0 0 0 0 0 0 0 
442 45 [ ] 1 20 0 0 0 0 0 0 0 0 0 0 0 0 0 0 0 3 0 0 0 0 0 0 0 0 
443 15 [ 440 441 442 ] 1 50 0 0 0 2 0 0 5 0 0 0 0 0 5 0 0 2 0 0 0 0 0 0 0 0 
444 15 [ ] 4 40 0 0 0 0 0 0 0 0 0 0 0 0 0 0 0 0 0 0 4 3 0 0 0 0 
445 15 [ ] 1 50 0 0 0 4 0 0 0 0 0 0 0 0 0 0 0 0 0 0 0 0 0 0 0 0 
446 15 [ ] 1 40 0 0 0 0 0 0 0 0 0 0 0 0 0 0 0 3 2 0 0 0 0 0 0 0 
447 45 [ 446 ] 1 20 3 0 0 0 0 0 0 0 0 0 0 0 0 0 0 0 0 0 0 0 0 0 0 0 
448 45 [ 447 ] 3 50 0 0 0 0 0 0 0 0 0 0 0 0 0 0 0 3 3 0 0 0 0 0 0 0 
449 15 [ 448 ] 3 100 0 0 0 0 0 0 0 0 0 0 0 0 0 0 0 0 0 0 0 0 0 2 0 0 
450 15 [ 449 ] 3 40 0 0 0 4 4 0 0 0 0 0 0 0 0 0 0 0 0 0 0 0 0 0 0 0 
451 45 [ 450 ] 3 50 0 0 0 0 0 0 3 0 0 0 0 0 0 0 0 0 0 0 0 0 0 0 0 0 
452 45 [ 451 ] 3 40 0 0 0 0 0 0 0 0 0 0 0 0 2 0 0 0 0 0 0 0 0 0 0 0 
453 15 [ 451 452 ] 3 100 0 0 0 0 0 0 0 0 0 0 0 0 0 0 0 4 0 0 0 0 0 0 0 0 
454 45 [ ] 4 40 0 0 0 0 0 0 0 0 0 0 0 0 3 1 0 0 0 0 0 0 0 0 0 0 
455 15 [ ] 1 40 0 0 0 0 0 0 0 0 0 0 0 0 0 0 0 0 0 0 0 0 0 2 0 0 
456 45 [ ] 1 50 0 0 0 0 0 0 0 0 0 0 0 0 0 0 0 0 0 0 0 0 0 4 0 0 
457 15 [ ] 1 40 0 0 0 0 0 0 4 0 0 0 0 0 0 0 0 0 0 0 0 0 0 0 0 0 
458 15 [ ] 1 40 0 0 0 0 0 0 0 0 0 0 0 0 2 2 0 0 0 0 0 0 0 0 0 0 
459 15 [ ] 1 20 0 0 0 0 0 0 0 0 0 0 0 0 0 0 0 4 2 0 5 0 0 0 0 0 
460 45 [ 459 ] 1 20 0 0 0 0 0 0 0 0 0 3 0 0 0 0 0 0 0 0 0 0 0 0 0 0 
461 15 [ ] 1 40 0 0 0 0 0 0 0 0 0 3 0 0 0 0 0 0 0 0 0 0 0 0 0 0 
462 15 [ ] 1 50 0 0 0 0 0 0 0 0 0 0 0 0 0 0 0 3 0 0 0 0 0 0 0 0 
463 15 [ ] 1 50 3 0 0 4 0 0 2 0 0 4 3 0 2 1 0 0 0 0 1 1 0 0 0 0 
464 15 [ 463 ] 4 40 3 2 0 0 0 0 0 0 0 0 0 0 0 0 0 0 0 0 0 0 0 0 0 0 
465 15 [ 464 ] 4 20 0 0 0 0 0 0 0 0 0 0 0 0 2 0 0 0 0 0 0 0 0 0 0 0 
466 15 [ 465 ] 4 40 3 0 0 0 0 0 0 0 0 0 0 0 0 0 0 0 0 0 0 0 0 0 0 0 
467 15 [ ] 1 50 0 0 0 0 0 0 0 0 0 0 0 0 4 3 0 0 0 0 0 0 0 0 0 0 
468 15 [ ] 2 20 0 0 0 0 0 0 0 0 0 0 0 0 0 0 0 0 0 0 0 0 0 2 0 0 
469 15 [ ] 1 40 0 0 0 0 0 0 0 0 0 0 0 0 0 0 0 3 0 0 0 0 0 0 0 0 
470 15 [ 467 468 469 ] 2 100 0 0 0 2 0 0 0 0 0 0 0 0 0 0 0 0 0 0 0 0 0 0 0 0 
471 15 [ ] 1 50 0 0 0 0 0 0 0 0 0 0 0 0 3 0 0 0 0 0 0 0 0 0 0 0 
472 15 [ ] 1 50 0 0 0 0 0 0 5 0 0 0 0 0 0 0 0 0 0 0 0 0 0 0 0 0 
473 15 [ ] 1 100 0 0 0 5 3 0 0 0 0 0 0 0 0 0 0 0 0 0 0 0 0 0 0 0 
474 15 [ 472 473 ] 1 100 0 0 0 0 0 0 0 0 0 0 0 0 0 0 0 0 0 0 2 2 0 0 0 0 
475 15 [ 473 474 ] 1 50 5 3 0 3 1 0 4 4 0 1 0 0 5 0 0 2 0 0 5 4 0 3 0 0 
476 15 [ ] 4 50 0 0 0 0 0 0 0 0 0 0 0 0 0 0 0 0 0 0 0 0 0 1 1 0 
477 15 [ ] 1 50 0 0 0 0 0 0 0 0 0 3 2 0 0 0 0 0 0 0 0 0 0 0 0 0 
478 15 [ 477 ] 1 20 0 0 0 0 0 0 0 0 0 0 0 0 0 0 0 0 0 0 3 0 0 0 0 0 
479 15 [ ] 1 40 0 0 0 4 0 0 0 0 0 0 0 0 0 0 0 0 0 0 0 0 0 0 0 0 
480 15 [ 478 479 ] 1 50 0 0 0 4 3 0 0 0 0 0 0 0 0 0 0 0 0 0 0 0 0 0 0 0 
481 15 [ 479 480 ] 4 40 0 0 0 0 0 0 0 0 0 0 0 0 0 0 0 0 0 0 0 0 0 5 0 0 
482 15 [ ] 1 40 0 0 0 0 0 0 0 0 0 3 3 0 0 0 0 0 0 0 0 0 0 0 0 0 
483 15 [ ] 3 40 0 0 0 0 0 0 0 0 0 0 0 0 0 0 0 3 0 0 0 0 0 0 0 0 
484 15 [ ] 1 20 0 0 0 0 0 0 0 0 0 2 1 0 0 0 0 0 0 0 0 0 0 0 0 0 
485 15 [ ] 1 20 0 0 0 0 0 0 0 0 0 0 0 0 0 0 0 0 0 0 0 0 0 3 0 0 
486 45 [ ] 3 40 0 0 0 0 0 0 0 0 0 2 0 0 0 0 0 0 0 0 0 0 0 0 0 0 
487 45 [ 485 486 ] 3 20 0 0 0 4 2 0 0 0 0 0 0 0 0 0 0 0 0 0 0 0 0 0 0 0 
488 15 [ ] 1 20 0 0 0 0 0 0 0 0 0 0 0 0 4 4 0 0 0 0 5 0 0 4 1 0 
489 45 [ ] 1 20 0 0 0 0 0 0 0 0 0 0 0 0 0 0 0 5 4 0 0 0 0 0 0 0 
490 15 [ ] 1 20 0 0 0 3 2 0 0 0 0 0 0 0 0 0 0 0 0 0 0 0 0 0 0 0 
491 15 [ ] 3 20 0 0 0 2 0 0 0 0 0 0 0 0 0 0 0 0 0 0 0 0 0 0 0 0 
492 15 [ ] 1 40 3 0 0 0 0 0 3 0 0 3 0 0 0 0 0 0 0 0 2 1 0 2 1 0 
493 15 [ ] 3 20 0 0 0 0 0 0 4 0 0 0 0 0 0 0 0 0 0 0 0 0 0 0 0 0 
494 45 [ 492 493 ] 3 100 0 0 0 3 3 0 0 0 0 0 0 0 0 0 0 0 0 0 0 0 0 0 0 0 
495 15 [ ] 4 20 0 0 0 0 0 0 3 1 0 0 0 0 0 0 0 0 0 0 0 0 0 0 0 0 
496 15 [ 495 ] 4 50 0 0 0 3 0 0 0 0 0 0 0 0 0 0 0 0 0 0 0 0 0 0 0 0 
497 15 [ 496 ] 4 20 0 0 0 0 0 0 0 0 0 0 0 0 0 0 0 2 0 0 0 0 0 0 0 0 
498 45 [ 496 497 ] 4 20 0 0 0 0 0 0 0 0 0 0 0 0 0 0 0 3 0 0 0 0 0 0 0 0 
499 15 [ ] 1 50 0 0 0 0 0 0 0 0 0 5 0 0 0 0 0 0 0 0 0 0 0 0 0 0 
500 15 [ ] 1 40 0 0 0 0 0 0 0 0 0 0 0 0 0 0 0 4 0 0 0 0 0 0 0 0 
