tech d1 d2 d3 d4 d5 d6 d7 d8 dispo
1 2 0 0 0 2 0 3 0 [ 11 ]
2 2 0 0 0 1 1 0 3 [ 6 ]
3 1 2 1 3 2 0 3 3 [ 2 ]
4 0 3 0 3 0 0 0 0 [ ]
5 2 3 2 1 0 0 1 1 [ ]
6 1 3 3 0 2 1 1 0 [ ]
7 3 0 2 0 2 1 0 1 [ 12 ]
8 1 2 3 2 3 1 3 2 [ ]
9 3 0 2 2 0 1 2 0 [ 10 ]
10 3 1 2 2 2 1 1 2 [ 29 ]
11 3 1 3 1 1 3 2 1 [ ]
12 2 0 3 1 1 0 1 3 [ 7 ]
13 0 2 2 0 3 1 1 1 [ 22 23 29 ]
14 3 0 3 1 1 0 3 3 [ ]
15 1 0 0 1 3 3 1 1 [ 7 ]
16 3 1 2 2 0 2 0 2 [ 33 ]
17 3 3 2 3 1 3 1 0 [ ]
18 1 3 1 0 3 1 0 0 [ ]
19 2 0 0 3 0 3 1 3 [ ]
20 3 3 2 0 2 3 2 0 [ 8 16 ]
21 3 0 0 2 3 1 0 2 [ ]
22 1 2 0 0 0 2 1 2 [ ]
23 2 1 2 2 2 1 0 2 [ ]
24 3 3 1 1 1 0 0 1 [ 24 ]
25 1 1 0 2 0 1 3 3 [ ]
26 1 0 2 2 3 1 1 2 [ 6 ]
27 2 2 3 0 0 3 1 0 [ 38 ]
28 2 0 1 3 3 1 0 1 [ ]
29 0 0 0 0 2 3 0 2 [ ]
30 2 0 3 1 1 3 2 1 [ ]
