number time preds prio cost d1_1 d1_2 d1_3 d1_4 d2_1 d2_2 d2_3 d2_4 d3_1 d3_2 d3_3 d3_4 d4_1 d4_2 d4_3 d4_4 d5_1 d5_2 d5_3 d5_4 d6_1 d6_2 d6_3 d6_4 d7_1 d7_2 d7_3 d7_4 d8_1 d8_2 d8_3 d8_4 d9_1 d9_2 d9_3 d9_4 d10_1 d10_2 d10_3 d10_4  
1 120 [ ] 3 210 5 4 4 1 0 0 0 0 0 0 0 0 5 4 3 1 2 0 0 0 0 0 0 0 3 2 2 1 2 2 2 0 0 0 0 0 0 0 0 0 
2 120 [ 1 ] 3 210 5 4 4 1 0 0 0 0 0 0 0 0 5 4 3 1 2 0 0 0 0 0 0 0 3 2 2 1 2 2 2 0 0 0 0 0 0 0 0 0 
3 120 [ ] 4 210 0 0 0 0 0 0 0 0 0 0 0 0 2 2 2 0 0 0 0 0 0 0 0 0 0 0 0 0 4 0 0 0 0 0 0 0 0 0 0 0 
4 120 [ 3 ] 4 210 0 0 0 0 0 0 0 0 0 0 0 0 2 2 2 0 0 0 0 0 0 0 0 0 0 0 0 0 4 0 0 0 0 0 0 0 0 0 0 0 
5 120 [ 4 ] 4 210 0 0 0 0 0 0 0 0 0 0 0 0 2 2 2 0 0 0 0 0 0 0 0 0 0 0 0 0 4 0 0 0 0 0 0 0 0 0 0 0 
6 120 [ 5 ] 4 210 0 0 0 0 0 0 0 0 0 0 0 0 2 2 2 0 0 0 0 0 0 0 0 0 0 0 0 0 4 0 0 0 0 0 0 0 0 0 0 0 
7 120 [ ] 1 150 2 0 0 0 0 0 0 0 0 0 0 0 4 3 2 0 4 0 0 0 0 0 0 0 2 0 0 0 2 0 0 0 4 0 0 0 0 0 0 0 
8 120 [ 7 ] 1 150 2 0 0 0 0 0 0 0 0 0 0 0 4 3 2 0 4 0 0 0 0 0 0 0 2 0 0 0 2 0 0 0 4 0 0 0 0 0 0 0 
9 120 [ 8 ] 1 150 2 0 0 0 0 0 0 0 0 0 0 0 4 3 2 0 4 0 0 0 0 0 0 0 2 0 0 0 2 0 0 0 4 0 0 0 0 0 0 0 
10 120 [ ] 2 50 3 0 0 0 2 2 0 0 0 0 0 0 0 0 0 0 0 0 0 0 2 2 0 0 4 2 2 2 0 0 0 0 0 0 0 0 2 2 2 2 
11 30 [ ] 4 150 0 0 0 0 5 0 0 0 4 4 2 0 0 0 0 0 0 0 0 0 0 0 0 0 3 2 2 2 4 0 0 0 2 2 1 0 4 3 3 2 
12 120 [ 11 ] 4 100 0 0 0 0 0 0 0 0 0 0 0 0 2 1 1 1 0 0 0 0 2 1 0 0 0 0 0 0 0 0 0 0 0 0 0 0 0 0 0 0 
13 90 [ ] 4 150 1 1 1 0 0 0 0 0 4 4 2 0 0 0 0 0 4 3 3 1 3 2 2 2 5 3 3 0 0 0 0 0 4 3 2 0 0 0 0 0 
14 120 [ 13 ] 4 50 2 2 0 0 4 4 3 0 4 4 2 0 2 2 0 0 3 2 0 0 0 0 0 0 1 1 0 0 3 2 2 0 3 2 2 1 4 4 2 1 
15 30 [ ] 2 50 0 0 0 0 3 1 0 0 4 3 1 0 2 0 0 0 2 2 0 0 0 0 0 0 2 0 0 0 3 2 2 2 0 0 0 0 0 0 0 0 
16 30 [ ] 4 100 2 2 1 1 0 0 0 0 0 0 0 0 0 0 0 0 4 4 2 0 0 0 0 0 0 0 0 0 4 4 2 0 5 5 0 0 0 0 0 0 
17 30 [ ] 3 150 0 0 0 0 4 4 3 0 0 0 0 0 0 0 0 0 0 0 0 0 0 0 0 0 0 0 0 0 0 0 0 0 0 0 0 0 0 0 0 0 
18 120 [ 17 ] 4 30 1 1 1 1 3 0 0 0 4 0 0 0 5 2 0 0 4 3 1 0 1 1 0 0 2 0 0 0 4 2 0 0 5 4 0 0 2 2 1 1 
19 120 [ 18 ] 4 30 1 1 1 1 3 0 0 0 4 0 0 0 5 2 0 0 4 3 1 0 1 1 0 0 2 0 0 0 4 2 0 0 5 4 0 0 2 2 1 1 
20 120 [ 19 ] 4 30 1 1 1 1 3 0 0 0 4 0 0 0 5 2 0 0 4 3 1 0 1 1 0 0 2 0 0 0 4 2 0 0 5 4 0 0 2 2 1 1 
21 90 [ ] 4 140 0 0 0 0 0 0 0 0 3 1 1 0 5 5 3 2 0 0 0 0 0 0 0 0 0 0 0 0 0 0 0 0 0 0 0 0 0 0 0 0 
22 120 [ ] 2 50 0 0 0 0 4 0 0 0 0 0 0 0 0 0 0 0 0 0 0 0 0 0 0 0 2 2 1 1 0 0 0 0 0 0 0 0 0 0 0 0 
23 30 [ ] 1 190 4 3 0 0 2 1 1 1 2 2 0 0 4 0 0 0 3 2 2 0 3 3 0 0 3 3 3 0 0 0 0 0 4 2 2 0 3 3 2 2 
24 30 [ ] 4 210 2 1 0 0 0 0 0 0 1 1 1 1 0 0 0 0 0 0 0 0 0 0 0 0 4 0 0 0 0 0 0 0 3 3 1 0 0 0 0 0 
25 30 [ ] 3 140 0 0 0 0 0 0 0 0 0 0 0 0 4 3 1 0 0 0 0 0 0 0 0 0 0 0 0 0 3 0 0 0 0 0 0 0 2 0 0 0 
26 30 [ ] 2 150 0 0 0 0 3 3 0 0 0 0 0 0 0 0 0 0 3 2 2 0 0 0 0 0 0 0 0 0 0 0 0 0 0 0 0 0 0 0 0 0 
27 30 [ 26 ] 2 50 4 3 0 0 5 5 3 1 2 1 0 0 4 3 0 0 3 3 3 3 2 2 1 0 5 1 0 0 3 2 2 0 2 2 0 0 5 2 0 0 
28 120 [ ] 1 130 0 0 0 0 0 0 0 0 0 0 0 0 2 2 2 1 0 0 0 0 0 0 0 0 0 0 0 0 0 0 0 0 0 0 0 0 0 0 0 0 
29 30 [ 28 ] 3 150 0 0 0 0 0 0 0 0 0 0 0 0 0 0 0 0 3 0 0 0 4 3 0 0 2 2 1 1 4 2 2 0 0 0 0 0 0 0 0 0 
30 30 [ ] 1 150 0 0 0 0 0 0 0 0 5 4 0 0 0 0 0 0 0 0 0 0 0 0 0 0 0 0 0 0 0 0 0 0 2 0 0 0 0 0 0 0 
31 90 [ ] 3 30 3 3 3 2 5 4 4 2 1 1 0 0 0 0 0 0 3 1 1 0 0 0 0 0 5 3 0 0 3 1 1 1 3 2 2 2 5 3 2 0 
32 30 [ ] 1 170 0 0 0 0 0 0 0 0 0 0 0 0 3 2 1 1 0 0 0 0 0 0 0 0 0 0 0 0 4 2 2 1 0 0 0 0 0 0 0 0 
33 30 [ 32 ] 3 100 0 0 0 0 4 0 0 0 2 2 0 0 0 0 0 0 0 0 0 0 0 0 0 0 4 4 4 2 0 0 0 0 0 0 0 0 0 0 0 0 
34 120 [ 33 ] 4 70 2 2 1 1 1 1 1 1 0 0 0 0 0 0 0 0 2 2 1 0 0 0 0 0 0 0 0 0 0 0 0 0 0 0 0 0 0 0 0 0 
35 120 [ 34 ] 4 90 0 0 0 0 0 0 0 0 0 0 0 0 2 0 0 0 0 0 0 0 2 2 1 1 0 0 0 0 0 0 0 0 3 2 0 0 0 0 0 0 
36 120 [ ] 2 150 2 0 0 0 0 0 0 0 0 0 0 0 0 0 0 0 4 4 0 0 0 0 0 0 0 0 0 0 0 0 0 0 0 0 0 0 0 0 0 0 
37 30 [ ] 4 70 2 1 1 1 2 0 0 0 0 0 0 0 4 1 0 0 3 3 0 0 4 4 0 0 0 0 0 0 3 2 2 2 0 0 0 0 3 0 0 0 
38 30 [ ] 3 100 0 0 0 0 0 0 0 0 0 0 0 0 3 3 2 1 3 3 0 0 0 0 0 0 0 0 0 0 0 0 0 0 4 0 0 0 0 0 0 0 
39 120 [ ] 4 140 0 0 0 0 0 0 0 0 0 0 0 0 0 0 0 0 4 4 3 2 4 3 2 2 0 0 0 0 0 0 0 0 0 0 0 0 0 0 0 0 
40 30 [ 39 ] 4 70 2 2 0 0 4 3 0 0 5 4 0 0 5 4 1 0 2 0 0 0 0 0 0 0 3 0 0 0 4 2 1 0 4 3 3 0 4 0 0 0 
41 30 [ 40 ] 4 140 5 2 2 0 0 0 0 0 0 0 0 0 2 2 0 0 0 0 0 0 3 0 0 0 3 3 0 0 4 3 2 0 0 0 0 0 4 0 0 0 
42 30 [ ] 2 150 0 0 0 0 0 0 0 0 0 0 0 0 0 0 0 0 0 0 0 0 0 0 0 0 3 3 2 1 0 0 0 0 0 0 0 0 4 4 2 0 
43 120 [ ] 4 140 3 0 0 0 5 3 3 1 0 0 0 0 0 0 0 0 0 0 0 0 0 0 0 0 2 1 1 0 3 1 0 0 3 2 0 0 0 0 0 0 
44 120 [ 43 ] 4 140 3 0 0 0 5 3 3 1 0 0 0 0 0 0 0 0 0 0 0 0 0 0 0 0 2 1 1 0 3 1 0 0 3 2 0 0 0 0 0 0 
45 30 [ ] 1 140 0 0 0 0 3 1 1 1 0 0 0 0 0 0 0 0 0 0 0 0 0 0 0 0 0 0 0 0 0 0 0 0 0 0 0 0 0 0 0 0 
46 30 [ 45 ] 4 150 0 0 0 0 3 1 0 0 4 0 0 0 0 0 0 0 0 0 0 0 0 0 0 0 0 0 0 0 0 0 0 0 0 0 0 0 0 0 0 0 
47 30 [ ] 4 70 0 0 0 0 0 0 0 0 0 0 0 0 0 0 0 0 0 0 0 0 0 0 0 0 0 0 0 0 0 0 0 0 2 1 1 1 0 0 0 0 
48 120 [ ] 4 50 0 0 0 0 3 1 0 0 0 0 0 0 3 2 2 0 4 3 2 1 4 3 3 1 0 0 0 0 5 4 2 1 0 0 0 0 0 0 0 0 
49 90 [ 48 ] 4 30 4 4 3 0 0 0 0 0 4 0 0 0 5 5 2 2 5 5 5 2 0 0 0 0 0 0 0 0 0 0 0 0 0 0 0 0 0 0 0 0 
50 120 [ ] 4 70 1 1 1 0 4 0 0 0 3 2 1 0 2 2 2 2 0 0 0 0 1 0 0 0 3 1 1 0 2 1 1 0 3 3 2 0 3 1 0 0 
51 120 [ 50 ] 4 70 1 1 1 0 4 0 0 0 3 2 1 0 2 2 2 2 0 0 0 0 1 0 0 0 3 1 1 0 2 1 1 0 3 3 2 0 3 1 0 0 
52 120 [ 51 ] 4 70 1 1 1 0 4 0 0 0 3 2 1 0 2 2 2 2 0 0 0 0 1 0 0 0 3 1 1 0 2 1 1 0 3 3 2 0 3 1 0 0 
53 120 [ ] 1 150 4 2 0 0 4 4 3 1 2 1 0 0 0 0 0 0 4 2 1 1 4 0 0 0 2 1 0 0 4 1 1 1 0 0 0 0 4 3 0 0 
54 120 [ 53 ] 4 50 2 2 2 1 2 2 2 1 4 4 2 1 2 0 0 0 2 0 0 0 2 1 1 0 5 4 1 0 4 3 3 0 3 2 2 1 1 1 1 1 
55 120 [ 54 ] 4 50 2 2 2 1 2 2 2 1 4 4 2 1 2 0 0 0 2 0 0 0 2 1 1 0 5 4 1 0 4 3 3 0 3 2 2 1 1 1 1 1 
56 120 [ 55 ] 4 50 2 2 2 1 2 2 2 1 4 4 2 1 2 0 0 0 2 0 0 0 2 1 1 0 5 4 1 0 4 3 3 0 3 2 2 1 1 1 1 1 
57 120 [ 56 ] 4 50 2 2 2 1 2 2 2 1 4 4 2 1 2 0 0 0 2 0 0 0 2 1 1 0 5 4 1 0 4 3 3 0 3 2 2 1 1 1 1 1 
58 120 [ 57 ] 4 150 0 0 0 0 0 0 0 0 0 0 0 0 0 0 0 0 3 2 2 0 0 0 0 0 0 0 0 0 0 0 0 0 4 0 0 0 0 0 0 0 
59 120 [ 58 ] 4 150 0 0 0 0 0 0 0 0 0 0 0 0 0 0 0 0 3 2 2 0 0 0 0 0 0 0 0 0 0 0 0 0 4 0 0 0 0 0 0 0 
60 120 [ 59 ] 4 150 0 0 0 0 0 0 0 0 0 0 0 0 0 0 0 0 3 2 2 0 0 0 0 0 0 0 0 0 0 0 0 0 4 0 0 0 0 0 0 0 
61 120 [ ] 2 60 4 0 0 0 0 0 0 0 0 0 0 0 0 0 0 0 4 3 0 0 2 2 2 2 3 1 0 0 4 0 0 0 0 0 0 0 0 0 0 0 
62 30 [ 61 ] 4 100 4 4 1 0 3 2 2 1 0 0 0 0 4 4 4 3 4 0 0 0 4 0 0 0 4 0 0 0 4 2 0 0 0 0 0 0 0 0 0 0 
63 120 [ ] 4 50 2 2 2 2 4 2 0 0 3 3 2 0 4 4 3 2 0 0 0 0 3 0 0 0 4 3 3 0 4 0 0 0 3 2 2 0 2 1 0 0 
64 120 [ 63 ] 4 50 2 2 2 2 4 2 0 0 3 3 2 0 4 4 3 2 0 0 0 0 3 0 0 0 4 3 3 0 4 0 0 0 3 2 2 0 2 1 0 0 
65 120 [ 64 ] 4 50 2 2 2 2 4 2 0 0 3 3 2 0 4 4 3 2 0 0 0 0 3 0 0 0 4 3 3 0 4 0 0 0 3 2 2 0 2 1 0 0 
66 120 [ 65 ] 4 50 2 2 2 2 4 2 0 0 3 3 2 0 4 4 3 2 0 0 0 0 3 0 0 0 4 3 3 0 4 0 0 0 3 2 2 0 2 1 0 0 
67 120 [ ] 1 150 0 0 0 0 2 1 1 0 3 3 0 0 0 0 0 0 2 2 1 0 2 0 0 0 2 2 2 0 2 2 1 1 3 0 0 0 3 0 0 0 
68 30 [ ] 2 100 0 0 0 0 0 0 0 0 2 2 0 0 0 0 0 0 4 0 0 0 3 0 0 0 0 0 0 0 0 0 0 0 4 2 1 0 0 0 0 0 
69 30 [ ] 2 30 0 0 0 0 3 0 0 0 4 3 0 0 0 0 0 0 0 0 0 0 0 0 0 0 0 0 0 0 0 0 0 0 0 0 0 0 0 0 0 0 
70 90 [ ] 3 50 0 0 0 0 2 2 2 1 0 0 0 0 0 0 0 0 2 1 0 0 0 0 0 0 0 0 0 0 4 0 0 0 0 0 0 0 0 0 0 0 
71 30 [ ] 3 150 0 0 0 0 0 0 0 0 0 0 0 0 0 0 0 0 4 3 3 2 0 0 0 0 0 0 0 0 4 4 4 2 2 1 0 0 1 1 1 0 
72 30 [ ] 3 70 2 2 2 0 5 0 0 0 5 4 0 0 4 4 2 0 2 2 1 0 2 2 1 1 3 3 2 2 0 0 0 0 2 1 0 0 2 2 2 0 
73 120 [ ] 3 50 0 0 0 0 0 0 0 0 0 0 0 0 0 0 0 0 5 0 0 0 0 0 0 0 4 0 0 0 0 0 0 0 0 0 0 0 0 0 0 0 
74 30 [ 73 ] 3 100 4 3 3 2 2 1 0 0 3 3 3 0 3 3 1 0 5 0 0 0 0 0 0 0 4 0 0 0 2 1 1 0 2 2 1 1 3 0 0 0 
75 30 [ 74 ] 3 70 3 0 0 0 0 0 0 0 0 0 0 0 0 0 0 0 0 0 0 0 0 0 0 0 0 0 0 0 3 3 1 1 2 1 1 0 0 0 0 0 
76 120 [ ] 4 50 0 0 0 0 4 4 3 0 0 0 0 0 2 2 2 2 0 0 0 0 0 0 0 0 0 0 0 0 5 2 2 0 0 0 0 0 0 0 0 0 
77 120 [ 76 ] 4 50 0 0 0 0 4 4 3 0 0 0 0 0 2 2 2 2 0 0 0 0 0 0 0 0 0 0 0 0 5 2 2 0 0 0 0 0 0 0 0 0 
78 120 [ 77 ] 4 50 0 0 0 0 4 4 3 0 0 0 0 0 2 2 2 2 0 0 0 0 0 0 0 0 0 0 0 0 5 2 2 0 0 0 0 0 0 0 0 0 
79 120 [ 78 ] 4 50 0 0 0 0 4 4 3 0 0 0 0 0 2 2 2 2 0 0 0 0 0 0 0 0 0 0 0 0 5 2 2 0 0 0 0 0 0 0 0 0 
80 30 [ ] 2 100 0 0 0 0 0 0 0 0 0 0 0 0 0 0 0 0 0 0 0 0 0 0 0 0 0 0 0 0 0 0 0 0 3 3 3 2 0 0 0 0 
81 30 [ 80 ] 3 210 0 0 0 0 4 2 0 0 0 0 0 0 4 4 2 2 4 4 3 0 0 0 0 0 2 2 2 2 0 0 0 0 0 0 0 0 4 4 2 1 
82 30 [ ] 4 150 3 0 0 0 2 2 0 0 4 0 0 0 3 3 2 0 2 0 0 0 1 1 1 0 2 1 0 0 3 3 0 0 5 0 0 0 3 2 1 0 
83 30 [ ] 4 150 3 2 2 0 3 2 0 0 4 2 2 0 0 0 0 0 3 2 0 0 2 2 2 2 0 0 0 0 4 4 2 0 2 2 1 0 4 3 2 2 
84 90 [ ] 4 50 5 0 0 0 3 2 1 1 3 1 1 1 4 3 1 0 3 3 2 0 2 2 2 1 4 3 0 0 3 2 1 1 5 4 2 0 2 1 1 0 
85 120 [ ] 4 150 0 0 0 0 0 0 0 0 2 2 2 1 0 0 0 0 0 0 0 0 0 0 0 0 2 2 2 2 0 0 0 0 0 0 0 0 1 0 0 0 
86 120 [ 85 ] 4 150 0 0 0 0 0 0 0 0 2 2 2 1 0 0 0 0 0 0 0 0 0 0 0 0 2 2 2 2 0 0 0 0 0 0 0 0 1 0 0 0 
87 120 [ 86 ] 4 150 0 0 0 0 0 0 0 0 2 2 2 1 0 0 0 0 0 0 0 0 0 0 0 0 2 2 2 2 0 0 0 0 0 0 0 0 1 0 0 0 
88 120 [ ] 1 130 3 3 2 0 3 0 0 0 0 0 0 0 4 3 0 0 5 0 0 0 2 0 0 0 4 3 0 0 4 0 0 0 1 0 0 0 4 0 0 0 
89 120 [ 88 ] 1 130 3 3 2 0 3 0 0 0 0 0 0 0 4 3 0 0 5 0 0 0 2 0 0 0 4 3 0 0 4 0 0 0 1 0 0 0 4 0 0 0 
90 120 [ 89 ] 1 130 3 3 2 0 3 0 0 0 0 0 0 0 4 3 0 0 5 0 0 0 2 0 0 0 4 3 0 0 4 0 0 0 1 0 0 0 4 0 0 0 
91 120 [ 90 ] 1 130 3 3 2 0 3 0 0 0 0 0 0 0 4 3 0 0 5 0 0 0 2 0 0 0 4 3 0 0 4 0 0 0 1 0 0 0 4 0 0 0 
92 120 [ 91 ] 4 60 0 0 0 0 3 3 3 2 2 2 0 0 0 0 0 0 0 0 0 0 0 0 0 0 0 0 0 0 3 2 1 0 5 0 0 0 0 0 0 0 
93 120 [ 92 ] 4 60 0 0 0 0 3 3 3 2 2 2 0 0 0 0 0 0 0 0 0 0 0 0 0 0 0 0 0 0 3 2 1 0 5 0 0 0 0 0 0 0 
94 120 [ 93 ] 4 210 0 0 0 0 0 0 0 0 0 0 0 0 0 0 0 0 3 2 0 0 3 0 0 0 0 0 0 0 0 0 0 0 0 0 0 0 3 2 1 0 
95 120 [ 94 ] 4 210 0 0 0 0 0 0 0 0 0 0 0 0 0 0 0 0 3 2 0 0 3 0 0 0 0 0 0 0 0 0 0 0 0 0 0 0 3 2 1 0 
96 120 [ 95 ] 4 210 0 0 0 0 0 0 0 0 0 0 0 0 0 0 0 0 3 2 0 0 3 0 0 0 0 0 0 0 0 0 0 0 0 0 0 0 3 2 1 0 
97 120 [ ] 2 140 0 0 0 0 0 0 0 0 0 0 0 0 0 0 0 0 1 1 1 0 4 4 0 0 0 0 0 0 0 0 0 0 0 0 0 0 0 0 0 0 
98 120 [ 97 ] 2 140 0 0 0 0 0 0 0 0 0 0 0 0 0 0 0 0 1 1 1 0 4 4 0 0 0 0 0 0 0 0 0 0 0 0 0 0 0 0 0 0 
99 120 [ 98 ] 2 140 0 0 0 0 0 0 0 0 0 0 0 0 0 0 0 0 1 1 1 0 4 4 0 0 0 0 0 0 0 0 0 0 0 0 0 0 0 0 0 0 
100 120 [ ] 2 30 2 0 0 0 0 0 0 0 0 0 0 0 0 0 0 0 0 0 0 0 3 2 0 0 3 2 0 0 0 0 0 0 0 0 0 0 0 0 0 0 
101 30 [ ] 4 140 0 0 0 0 0 0 0 0 0 0 0 0 0 0 0 0 0 0 0 0 4 3 0 0 0 0 0 0 2 0 0 0 4 0 0 0 0 0 0 0 
102 30 [ 101 ] 4 150 3 2 0 0 3 1 0 0 0 0 0 0 4 3 1 0 2 1 1 0 4 0 0 0 0 0 0 0 2 1 1 0 4 3 3 0 4 0 0 0 
103 120 [ ] 3 90 4 3 0 0 2 1 1 0 3 3 3 1 4 0 0 0 0 0 0 0 0 0 0 0 2 0 0 0 0 0 0 0 0 0 0 0 0 0 0 0 
104 120 [ 103 ] 3 90 4 3 0 0 2 1 1 0 3 3 3 1 4 0 0 0 0 0 0 0 0 0 0 0 2 0 0 0 0 0 0 0 0 0 0 0 0 0 0 0 
105 120 [ 104 ] 3 90 4 3 0 0 2 1 1 0 3 3 3 1 4 0 0 0 0 0 0 0 0 0 0 0 2 0 0 0 0 0 0 0 0 0 0 0 0 0 0 0 
106 30 [ ] 4 210 4 3 2 0 0 0 0 0 0 0 0 0 4 3 2 2 4 1 0 0 0 0 0 0 0 0 0 0 2 2 2 2 0 0 0 0 0 0 0 0 
107 120 [ 106 ] 4 150 0 0 0 0 0 0 0 0 0 0 0 0 4 1 0 0 4 2 1 1 1 1 0 0 4 0 0 0 0 0 0 0 0 0 0 0 3 2 2 1 
108 30 [ ] 3 140 0 0 0 0 4 3 2 2 5 0 0 0 4 4 3 1 2 2 1 0 4 3 0 0 4 3 3 1 4 3 3 1 4 0 0 0 2 0 0 0 
109 30 [ 108 ] 3 30 0 0 0 0 0 0 0 0 0 0 0 0 0 0 0 0 2 2 1 0 0 0 0 0 0 0 0 0 2 1 0 0 0 0 0 0 0 0 0 0 
110 30 [ ] 4 50 4 3 2 0 0 0 0 0 5 0 0 0 3 0 0 0 3 3 0 0 2 2 2 1 0 0 0 0 2 2 1 0 4 3 2 1 4 3 1 1 
111 120 [ ] 3 150 4 2 0 0 4 3 0 0 0 0 0 0 4 2 0 0 4 0 0 0 2 2 2 0 0 0 0 0 0 0 0 0 4 4 3 2 4 4 3 2 
112 120 [ 111 ] 3 150 4 2 0 0 4 3 0 0 0 0 0 0 4 2 0 0 4 0 0 0 2 2 2 0 0 0 0 0 0 0 0 0 4 4 3 2 4 4 3 2 
113 30 [ ] 4 150 0 0 0 0 0 0 0 0 1 1 1 0 0 0 0 0 0 0 0 0 0 0 0 0 0 0 0 0 0 0 0 0 0 0 0 0 0 0 0 0 
114 30 [ ] 4 100 0 0 0 0 2 0 0 0 0 0 0 0 5 0 0 0 0 0 0 0 0 0 0 0 3 2 0 0 2 0 0 0 4 0 0 0 0 0 0 0 
115 120 [ ] 4 50 4 0 0 0 3 3 2 0 3 3 3 2 2 0 0 0 3 0 0 0 0 0 0 0 3 0 0 0 1 1 1 1 5 3 3 2 3 2 0 0 
116 120 [ 115 ] 4 50 4 0 0 0 3 3 2 0 3 3 3 2 2 0 0 0 3 0 0 0 0 0 0 0 3 0 0 0 1 1 1 1 5 3 3 2 3 2 0 0 
117 120 [ 116 ] 4 50 4 0 0 0 3 3 2 0 3 3 3 2 2 0 0 0 3 0 0 0 0 0 0 0 3 0 0 0 1 1 1 1 5 3 3 2 3 2 0 0 
118 120 [ 117 ] 4 50 4 0 0 0 3 3 2 0 3 3 3 2 2 0 0 0 3 0 0 0 0 0 0 0 3 0 0 0 1 1 1 1 5 3 3 2 3 2 0 0 
119 30 [ ] 4 210 0 0 0 0 1 1 1 1 0 0 0 0 0 0 0 0 0 0 0 0 0 0 0 0 0 0 0 0 0 0 0 0 0 0 0 0 0 0 0 0 
120 30 [ 119 ] 4 50 2 0 0 0 1 0 0 0 3 2 1 0 2 2 0 0 2 0 0 0 4 2 0 0 2 1 0 0 2 2 1 0 2 2 2 2 3 0 0 0 
121 120 [ ] 3 210 5 3 3 0 3 3 1 0 2 2 1 0 0 0 0 0 3 2 0 0 4 4 3 2 3 0 0 0 0 0 0 0 0 0 0 0 0 0 0 0 
122 120 [ 121 ] 3 210 5 3 3 0 3 3 1 0 2 2 1 0 0 0 0 0 3 2 0 0 4 4 3 2 3 0 0 0 0 0 0 0 0 0 0 0 0 0 0 0 
123 90 [ ] 2 70 2 2 1 0 1 1 1 1 0 0 0 0 0 0 0 0 3 1 0 0 0 0 0 0 3 2 2 0 1 1 0 0 0 0 0 0 1 0 0 0 
124 30 [ ] 2 30 0 0 0 0 0 0 0 0 0 0 0 0 0 0 0 0 3 2 1 0 0 0 0 0 0 0 0 0 0 0 0 0 0 0 0 0 0 0 0 0 
125 30 [ ] 4 30 3 3 0 0 3 2 1 1 0 0 0 0 0 0 0 0 4 4 4 1 3 3 2 0 0 0 0 0 0 0 0 0 4 2 0 0 0 0 0 0 
126 30 [ ] 4 70 0 0 0 0 0 0 0 0 0 0 0 0 0 0 0 0 0 0 0 0 3 2 1 0 3 2 0 0 0 0 0 0 0 0 0 0 0 0 0 0 
127 120 [ 126 ] 4 50 0 0 0 0 4 3 1 1 0 0 0 0 4 2 2 0 0 0 0 0 0 0 0 0 0 0 0 0 0 0 0 0 0 0 0 0 0 0 0 0 
128 120 [ 127 ] 4 50 0 0 0 0 4 3 1 1 0 0 0 0 4 2 2 0 0 0 0 0 0 0 0 0 0 0 0 0 0 0 0 0 0 0 0 0 0 0 0 0 
129 120 [ 128 ] 4 50 0 0 0 0 4 3 1 1 0 0 0 0 4 2 2 0 0 0 0 0 0 0 0 0 0 0 0 0 0 0 0 0 0 0 0 0 0 0 0 0 
130 120 [ 129 ] 4 50 0 0 0 0 4 3 1 1 0 0 0 0 4 2 2 0 0 0 0 0 0 0 0 0 0 0 0 0 0 0 0 0 0 0 0 0 0 0 0 0 
131 120 [ ] 4 50 0 0 0 0 4 0 0 0 0 0 0 0 0 0 0 0 0 0 0 0 0 0 0 0 0 0 0 0 0 0 0 0 0 0 0 0 0 0 0 0 
132 120 [ 131 ] 4 50 0 0 0 0 4 0 0 0 0 0 0 0 0 0 0 0 0 0 0 0 0 0 0 0 0 0 0 0 0 0 0 0 0 0 0 0 0 0 0 0 
133 120 [ 132 ] 4 50 0 0 0 0 4 0 0 0 0 0 0 0 0 0 0 0 0 0 0 0 0 0 0 0 0 0 0 0 0 0 0 0 0 0 0 0 0 0 0 0 
134 120 [ 133 ] 4 50 0 0 0 0 4 0 0 0 0 0 0 0 0 0 0 0 0 0 0 0 0 0 0 0 0 0 0 0 0 0 0 0 0 0 0 0 0 0 0 0 
135 30 [ ] 2 50 0 0 0 0 0 0 0 0 3 1 1 1 4 3 1 0 2 2 0 0 0 0 0 0 0 0 0 0 0 0 0 0 0 0 0 0 3 3 2 0 
136 30 [ ] 3 90 0 0 0 0 0 0 0 0 0 0 0 0 3 0 0 0 0 0 0 0 0 0 0 0 0 0 0 0 0 0 0 0 2 0 0 0 0 0 0 0 
137 120 [ 136 ] 3 100 2 2 0 0 2 1 1 1 4 2 1 0 5 3 0 0 3 2 2 0 3 2 0 0 0 0 0 0 4 4 3 0 4 3 1 0 0 0 0 0 
138 30 [ 137 ] 3 50 0 0 0 0 0 0 0 0 0 0 0 0 0 0 0 0 4 3 2 0 4 0 0 0 4 4 3 0 0 0 0 0 1 0 0 0 4 0 0 0 
139 120 [ 138 ] 3 90 4 0 0 0 3 2 1 0 0 0 0 0 0 0 0 0 3 3 3 2 0 0 0 0 2 1 1 1 3 0 0 0 3 1 0 0 0 0 0 0 
140 120 [ 139 ] 3 90 4 0 0 0 3 2 1 0 0 0 0 0 0 0 0 0 3 3 3 2 0 0 0 0 2 1 1 1 3 0 0 0 3 1 0 0 0 0 0 0 
141 120 [ 140 ] 3 90 4 0 0 0 3 2 1 0 0 0 0 0 0 0 0 0 3 3 3 2 0 0 0 0 2 1 1 1 3 0 0 0 3 1 0 0 0 0 0 0 
142 30 [ 141 ] 4 90 0 0 0 0 4 4 2 0 0 0 0 0 3 3 3 0 3 0 0 0 2 0 0 0 0 0 0 0 0 0 0 0 0 0 0 0 0 0 0 0 
143 30 [ ] 3 30 5 4 0 0 0 0 0 0 0 0 0 0 4 3 3 0 0 0 0 0 3 2 1 1 4 0 0 0 0 0 0 0 0 0 0 0 3 3 2 0 
144 30 [ 143 ] 4 140 0 0 0 0 4 4 2 2 3 3 2 0 0 0 0 0 0 0 0 0 0 0 0 0 0 0 0 0 0 0 0 0 0 0 0 0 0 0 0 0 
145 120 [ ] 1 150 3 2 1 0 0 0 0 0 0 0 0 0 0 0 0 0 0 0 0 0 0 0 0 0 0 0 0 0 0 0 0 0 4 2 2 2 0 0 0 0 
146 120 [ 145 ] 1 150 3 2 1 0 0 0 0 0 0 0 0 0 0 0 0 0 0 0 0 0 0 0 0 0 0 0 0 0 0 0 0 0 4 2 2 2 0 0 0 0 
147 120 [ 146 ] 1 150 3 2 1 0 0 0 0 0 0 0 0 0 0 0 0 0 0 0 0 0 0 0 0 0 0 0 0 0 0 0 0 0 4 2 2 2 0 0 0 0 
148 120 [ ] 4 70 0 0 0 0 0 0 0 0 0 0 0 0 0 0 0 0 0 0 0 0 2 2 2 2 0 0 0 0 0 0 0 0 0 0 0 0 0 0 0 0 
149 120 [ 148 ] 4 70 0 0 0 0 0 0 0 0 0 0 0 0 0 0 0 0 0 0 0 0 2 2 2 2 0 0 0 0 0 0 0 0 0 0 0 0 0 0 0 0 
150 120 [ 149 ] 4 70 0 0 0 0 0 0 0 0 0 0 0 0 0 0 0 0 0 0 0 0 2 2 2 2 0 0 0 0 0 0 0 0 0 0 0 0 0 0 0 0 
151 120 [ 150 ] 4 70 0 0 0 0 0 0 0 0 0 0 0 0 0 0 0 0 0 0 0 0 2 2 2 2 0 0 0 0 0 0 0 0 0 0 0 0 0 0 0 0 
152 120 [ 151 ] 4 210 0 0 0 0 4 3 3 0 0 0 0 0 0 0 0 0 0 0 0 0 0 0 0 0 0 0 0 0 0 0 0 0 0 0 0 0 0 0 0 0 
153 30 [ ] 3 100 4 3 1 0 0 0 0 0 0 0 0 0 0 0 0 0 0 0 0 0 0 0 0 0 0 0 0 0 0 0 0 0 0 0 0 0 0 0 0 0 
154 120 [ ] 3 50 4 4 2 2 5 4 3 1 2 2 2 2 3 2 0 0 2 1 1 1 2 0 0 0 2 2 0 0 0 0 0 0 0 0 0 0 3 2 0 0 
155 90 [ ] 3 30 0 0 0 0 4 0 0 0 3 0 0 0 1 1 1 1 2 0 0 0 2 2 2 2 3 2 0 0 0 0 0 0 4 3 2 2 5 3 2 2 
156 30 [ ] 4 100 0 0 0 0 0 0 0 0 0 0 0 0 0 0 0 0 0 0 0 0 3 0 0 0 0 0 0 0 0 0 0 0 2 1 0 0 2 2 0 0 
157 30 [ 156 ] 4 50 4 2 1 0 0 0 0 0 3 2 1 0 3 3 2 0 2 0 0 0 4 3 3 3 2 2 0 0 2 1 1 0 5 0 0 0 4 4 3 0 
158 30 [ ] 3 50 0 0 0 0 4 0 0 0 0 0 0 0 2 2 2 2 0 0 0 0 0 0 0 0 0 0 0 0 2 0 0 0 4 3 2 1 1 1 0 0 
159 120 [ ] 4 60 3 2 0 0 5 2 2 1 0 0 0 0 4 2 2 2 3 3 0 0 4 3 0 0 5 0 0 0 3 3 2 2 0 0 0 0 4 4 1 0 
160 90 [ 159 ] 4 210 0 0 0 0 3 3 3 2 2 0 0 0 4 2 0 0 0 0 0 0 0 0 0 0 0 0 0 0 0 0 0 0 0 0 0 0 2 2 1 0 
161 30 [ ] 3 50 0 0 0 0 4 3 3 0 1 1 0 0 3 0 0 0 2 1 1 1 3 0 0 0 0 0 0 0 0 0 0 0 2 0 0 0 0 0 0 0 
162 120 [ ] 1 150 0 0 0 0 0 0 0 0 0 0 0 0 2 0 0 0 0 0 0 0 2 2 1 1 0 0 0 0 0 0 0 0 0 0 0 0 0 0 0 0 
163 120 [ 162 ] 1 150 0 0 0 0 0 0 0 0 0 0 0 0 2 0 0 0 0 0 0 0 2 2 1 1 0 0 0 0 0 0 0 0 0 0 0 0 0 0 0 0 
164 120 [ 163 ] 1 150 0 0 0 0 0 0 0 0 0 0 0 0 2 0 0 0 0 0 0 0 2 2 1 1 0 0 0 0 0 0 0 0 0 0 0 0 0 0 0 0 
165 30 [ 164 ] 2 210 4 4 2 0 3 3 2 0 2 1 1 0 2 1 0 0 3 3 1 0 3 0 0 0 3 3 2 0 3 2 0 0 0 0 0 0 3 3 0 0 
166 30 [ ] 3 210 0 0 0 0 3 0 0 0 0 0 0 0 0 0 0 0 2 1 0 0 0 0 0 0 0 0 0 0 0 0 0 0 3 3 2 2 0 0 0 0 
167 90 [ ] 4 50 0 0 0 0 2 0 0 0 0 0 0 0 0 0 0 0 4 2 0 0 0 0 0 0 0 0 0 0 4 4 4 3 4 3 2 0 2 2 2 0 
168 30 [ ] 3 100 0 0 0 0 3 3 2 0 4 4 4 4 3 3 3 3 0 0 0 0 4 4 2 0 3 3 2 2 0 0 0 0 0 0 0 0 2 2 0 0 
169 30 [ ] 4 50 0 0 0 0 0 0 0 0 4 0 0 0 0 0 0 0 0 0 0 0 4 4 2 2 0 0 0 0 0 0 0 0 0 0 0 0 0 0 0 0 
170 30 [ ] 2 150 3 0 0 0 2 0 0 0 1 0 0 0 4 4 3 2 3 3 1 0 4 3 3 0 3 0 0 0 2 2 2 0 0 0 0 0 4 3 3 2 
171 30 [ 170 ] 4 100 2 2 0 0 4 2 2 2 2 1 1 1 3 3 1 0 4 3 3 3 4 4 1 0 0 0 0 0 0 0 0 0 3 3 2 2 4 3 2 2 
172 30 [ ] 4 90 2 2 0 0 0 0 0 0 0 0 0 0 2 2 2 2 0 0 0 0 4 0 0 0 3 0 0 0 2 2 0 0 0 0 0 0 4 3 1 1 
173 30 [ 172 ] 4 140 0 0 0 0 4 2 1 0 4 3 0 0 2 2 1 0 3 2 2 2 2 1 0 0 4 2 0 0 4 3 1 0 3 0 0 0 0 0 0 0 
174 30 [ ] 4 150 0 0 0 0 0 0 0 0 0 0 0 0 4 4 0 0 0 0 0 0 0 0 0 0 0 0 0 0 1 1 1 0 4 3 0 0 0 0 0 0 
175 30 [ 174 ] 4 30 0 0 0 0 4 0 0 0 0 0 0 0 0 0 0 0 3 2 1 0 4 0 0 0 2 2 0 0 0 0 0 0 0 0 0 0 0 0 0 0 
176 120 [ ] 3 150 2 2 1 0 5 5 2 0 0 0 0 0 0 0 0 0 0 0 0 0 4 2 0 0 0 0 0 0 0 0 0 0 0 0 0 0 2 2 0 0 
177 30 [ 176 ] 4 90 0 0 0 0 0 0 0 0 0 0 0 0 0 0 0 0 4 4 3 2 0 0 0 0 0 0 0 0 0 0 0 0 0 0 0 0 3 0 0 0 
178 120 [ ] 4 150 0 0 0 0 4 3 2 0 0 0 0 0 0 0 0 0 2 2 1 1 1 0 0 0 0 0 0 0 0 0 0 0 3 0 0 0 0 0 0 0 
179 120 [ ] 4 210 3 0 0 0 4 0 0 0 2 2 2 2 4 0 0 0 0 0 0 0 4 3 2 2 0 0 0 0 3 0 0 0 3 0 0 0 0 0 0 0 
180 120 [ 179 ] 4 100 0 0 0 0 4 0 0 0 4 2 0 0 0 0 0 0 0 0 0 0 3 3 2 0 3 0 0 0 0 0 0 0 0 0 0 0 0 0 0 0 
181 120 [ 180 ] 4 100 0 0 0 0 4 0 0 0 4 2 0 0 0 0 0 0 0 0 0 0 3 3 2 0 3 0 0 0 0 0 0 0 0 0 0 0 0 0 0 0 
182 120 [ 181 ] 4 100 0 0 0 0 4 0 0 0 4 2 0 0 0 0 0 0 0 0 0 0 3 3 2 0 3 0 0 0 0 0 0 0 0 0 0 0 0 0 0 0 
183 120 [ ] 3 60 4 0 0 0 4 0 0 0 0 0 0 0 0 0 0 0 0 0 0 0 3 3 1 1 2 0 0 0 2 2 0 0 4 3 1 0 4 3 3 1 
184 120 [ ] 3 90 0 0 0 0 0 0 0 0 3 0 0 0 3 0 0 0 0 0 0 0 1 1 1 1 0 0 0 0 0 0 0 0 0 0 0 0 4 3 0 0 
185 120 [ 184 ] 3 90 0 0 0 0 0 0 0 0 3 0 0 0 3 0 0 0 0 0 0 0 1 1 1 1 0 0 0 0 0 0 0 0 0 0 0 0 4 3 0 0 
186 120 [ 185 ] 3 90 0 0 0 0 3 1 0 0 0 0 0 0 0 0 0 0 4 3 2 2 0 0 0 0 0 0 0 0 0 0 0 0 0 0 0 0 0 0 0 0 
187 120 [ 186 ] 3 90 0 0 0 0 3 1 0 0 0 0 0 0 0 0 0 0 4 3 2 2 0 0 0 0 0 0 0 0 0 0 0 0 0 0 0 0 0 0 0 0 
188 120 [ 187 ] 3 90 0 0 0 0 3 1 0 0 0 0 0 0 0 0 0 0 4 3 2 2 0 0 0 0 0 0 0 0 0 0 0 0 0 0 0 0 0 0 0 0 
189 120 [ ] 2 50 3 2 2 1 4 0 0 0 0 0 0 0 2 0 0 0 0 0 0 0 4 3 0 0 4 2 2 1 0 0 0 0 0 0 0 0 0 0 0 0 
190 120 [ 189 ] 2 50 3 2 2 1 4 0 0 0 0 0 0 0 2 0 0 0 0 0 0 0 4 3 0 0 4 2 2 1 0 0 0 0 0 0 0 0 0 0 0 0 
191 120 [ 190 ] 2 50 3 2 2 1 4 0 0 0 0 0 0 0 2 0 0 0 0 0 0 0 4 3 0 0 4 2 2 1 0 0 0 0 0 0 0 0 0 0 0 0 
192 120 [ 191 ] 2 50 3 2 2 1 4 0 0 0 0 0 0 0 2 0 0 0 0 0 0 0 4 3 0 0 4 2 2 1 0 0 0 0 0 0 0 0 0 0 0 0 
193 120 [ 192 ] 2 90 3 3 1 0 4 0 0 0 5 2 0 0 4 2 0 0 0 0 0 0 0 0 0 0 0 0 0 0 3 1 0 0 4 0 0 0 0 0 0 0 
194 120 [ 193 ] 2 90 3 3 1 0 4 0 0 0 5 2 0 0 4 2 0 0 0 0 0 0 0 0 0 0 0 0 0 0 3 1 0 0 4 0 0 0 0 0 0 0 
195 120 [ 194 ] 2 90 3 3 1 0 4 0 0 0 5 2 0 0 4 2 0 0 0 0 0 0 0 0 0 0 0 0 0 0 3 1 0 0 4 0 0 0 0 0 0 0 
196 120 [ 195 ] 3 70 3 1 1 1 2 0 0 0 2 1 1 0 0 0 0 0 2 1 1 1 0 0 0 0 4 0 0 0 0 0 0 0 4 2 0 0 2 2 2 1 
197 120 [ 196 ] 3 70 3 1 1 1 2 0 0 0 2 1 1 0 0 0 0 0 2 1 1 1 0 0 0 0 4 0 0 0 0 0 0 0 4 2 0 0 2 2 2 1 
198 120 [ 197 ] 3 70 3 1 1 1 2 0 0 0 2 1 1 0 0 0 0 0 2 1 1 1 0 0 0 0 4 0 0 0 0 0 0 0 4 2 0 0 2 2 2 1 
199 120 [ 198 ] 3 70 3 1 1 1 2 0 0 0 2 1 1 0 0 0 0 0 2 1 1 1 0 0 0 0 4 0 0 0 0 0 0 0 4 2 0 0 2 2 2 1 
200 90 [ 199 ] 3 210 0 0 0 0 0 0 0 0 0 0 0 0 0 0 0 0 3 3 3 1 0 0 0 0 4 0 0 0 0 0 0 0 1 1 0 0 0 0 0 0 
201 30 [ ] 4 50 3 2 0 0 3 2 2 0 2 2 2 0 2 2 1 0 0 0 0 0 5 5 3 3 3 1 1 1 4 4 3 3 3 2 1 1 2 0 0 0 
202 30 [ ] 3 90 4 4 2 0 0 0 0 0 0 0 0 0 0 0 0 0 0 0 0 0 0 0 0 0 0 0 0 0 0 0 0 0 2 2 1 0 0 0 0 0 
203 90 [ ] 2 50 4 2 0 0 3 0 0 0 4 0 0 0 4 0 0 0 4 0 0 0 2 2 2 2 4 2 1 0 3 1 1 1 3 0 0 0 2 2 0 0 
204 90 [ ] 1 130 4 0 0 0 5 3 2 0 0 0 0 0 0 0 0 0 0 0 0 0 4 4 1 0 0 0 0 0 0 0 0 0 2 2 0 0 4 3 2 2 
205 120 [ ] 4 70 0 0 0 0 0 0 0 0 0 0 0 0 2 2 2 0 0 0 0 0 0 0 0 0 0 0 0 0 0 0 0 0 0 0 0 0 0 0 0 0 
206 120 [ 205 ] 4 70 0 0 0 0 0 0 0 0 0 0 0 0 2 2 2 0 0 0 0 0 0 0 0 0 0 0 0 0 0 0 0 0 0 0 0 0 0 0 0 0 
207 90 [ 206 ] 4 30 0 0 0 0 2 2 0 0 0 0 0 0 0 0 0 0 0 0 0 0 2 0 0 0 5 5 5 2 0 0 0 0 2 1 0 0 0 0 0 0 
208 120 [ ] 3 50 3 3 3 2 0 0 0 0 1 0 0 0 2 2 2 0 0 0 0 0 2 2 1 0 2 2 0 0 0 0 0 0 0 0 0 0 4 3 3 2 
209 120 [ 208 ] 3 50 3 3 3 2 0 0 0 0 1 0 0 0 2 2 2 0 0 0 0 0 2 2 1 0 2 2 0 0 0 0 0 0 0 0 0 0 4 3 3 2 
210 120 [ 209 ] 3 50 3 3 3 2 0 0 0 0 1 0 0 0 2 2 2 0 0 0 0 0 2 2 1 0 2 2 0 0 0 0 0 0 0 0 0 0 4 3 3 2 
211 30 [ ] 1 150 2 1 0 0 2 2 2 0 3 0 0 0 3 3 1 0 3 0 0 0 3 3 2 0 3 3 0 0 2 1 1 1 0 0 0 0 2 1 0 0 
212 30 [ ] 3 100 5 4 3 0 3 0 0 0 4 4 4 1 4 4 4 2 3 0 0 0 2 1 1 0 4 3 2 1 3 3 2 0 1 1 1 1 4 2 0 0 
213 30 [ ] 1 190 0 0 0 0 0 0 0 0 0 0 0 0 0 0 0 0 1 0 0 0 5 2 0 0 2 1 1 1 2 2 0 0 2 2 0 0 0 0 0 0 
214 120 [ ] 2 60 3 2 2 0 3 1 1 1 2 2 0 0 4 4 3 0 4 4 4 2 1 0 0 0 4 3 0 0 4 0 0 0 2 1 0 0 3 2 1 1 
215 30 [ 214 ] 3 50 0 0 0 0 3 2 0 0 4 4 3 1 1 0 0 0 4 2 2 0 3 2 2 1 0 0 0 0 0 0 0 0 2 1 1 1 0 0 0 0 
216 30 [ 215 ] 3 140 3 3 3 3 3 0 0 0 0 0 0 0 2 2 0 0 4 3 0 0 4 4 4 0 1 1 1 0 0 0 0 0 3 1 0 0 2 2 0 0 
217 120 [ ] 3 70 0 0 0 0 0 0 0 0 0 0 0 0 0 0 0 0 0 0 0 0 0 0 0 0 0 0 0 0 2 0 0 0 0 0 0 0 0 0 0 0 
218 120 [ ] 3 150 0 0 0 0 0 0 0 0 0 0 0 0 0 0 0 0 3 3 0 0 3 0 0 0 0 0 0 0 2 0 0 0 0 0 0 0 0 0 0 0 
219 120 [ 218 ] 3 150 0 0 0 0 0 0 0 0 0 0 0 0 0 0 0 0 3 3 0 0 3 0 0 0 0 0 0 0 2 0 0 0 0 0 0 0 0 0 0 0 
220 120 [ ] 3 30 4 3 2 1 3 2 2 0 0 0 0 0 0 0 0 0 0 0 0 0 0 0 0 0 0 0 0 0 0 0 0 0 0 0 0 0 0 0 0 0 
221 30 [ ] 3 150 0 0 0 0 0 0 0 0 0 0 0 0 4 1 1 0 0 0 0 0 0 0 0 0 3 2 0 0 0 0 0 0 0 0 0 0 0 0 0 0 
222 120 [ 221 ] 4 150 0 0 0 0 2 2 2 2 4 3 0 0 1 1 1 0 2 1 0 0 4 3 0 0 2 2 1 0 0 0 0 0 4 3 2 1 0 0 0 0 
223 120 [ ] 4 70 4 3 3 1 3 2 1 0 4 3 2 1 0 0 0 0 0 0 0 0 3 3 2 2 3 0 0 0 3 2 1 1 2 0 0 0 0 0 0 0 
224 30 [ ] 3 70 0 0 0 0 3 3 3 0 0 0 0 0 3 1 0 0 0 0 0 0 0 0 0 0 0 0 0 0 0 0 0 0 0 0 0 0 0 0 0 0 
225 30 [ ] 1 150 0 0 0 0 0 0 0 0 0 0 0 0 0 0 0 0 0 0 0 0 0 0 0 0 0 0 0 0 2 2 2 0 0 0 0 0 5 0 0 0 
226 90 [ ] 4 70 0 0 0 0 2 0 0 0 0 0 0 0 0 0 0 0 0 0 0 0 3 0 0 0 0 0 0 0 0 0 0 0 0 0 0 0 0 0 0 0 
227 120 [ 226 ] 4 60 4 0 0 0 2 1 1 1 2 0 0 0 4 0 0 0 2 0 0 0 3 0 0 0 4 4 2 0 2 2 1 0 4 0 0 0 4 4 3 0 
228 30 [ 227 ] 4 50 4 3 3 2 2 2 2 1 3 0 0 0 3 2 1 1 2 2 2 1 5 3 0 0 3 0 0 0 1 1 0 0 3 2 1 1 4 3 2 0 
229 30 [ 228 ] 4 70 3 3 3 1 0 0 0 0 2 2 2 1 3 0 0 0 0 0 0 0 4 1 0 0 0 0 0 0 1 0 0 0 3 1 0 0 2 2 1 0 
230 120 [ ] 2 150 4 4 4 2 0 0 0 0 0 0 0 0 0 0 0 0 0 0 0 0 3 2 0 0 4 0 0 0 2 1 1 0 4 0 0 0 0 0 0 0 
231 120 [ 230 ] 2 150 4 4 4 2 0 0 0 0 0 0 0 0 0 0 0 0 0 0 0 0 3 2 0 0 4 0 0 0 2 1 1 0 4 0 0 0 0 0 0 0 
232 120 [ ] 1 160 3 3 2 2 0 0 0 0 0 0 0 0 3 1 0 0 2 2 1 0 2 0 0 0 1 0 0 0 0 0 0 0 3 3 3 3 0 0 0 0 
233 120 [ 232 ] 1 160 3 3 2 2 0 0 0 0 0 0 0 0 3 1 0 0 2 2 1 0 2 0 0 0 1 0 0 0 0 0 0 0 3 3 3 3 0 0 0 0 
234 120 [ ] 3 210 2 2 2 1 2 1 0 0 4 3 2 1 2 1 0 0 2 0 0 0 3 2 2 2 2 2 1 1 3 2 2 0 3 0 0 0 2 2 2 0 
235 120 [ 234 ] 3 210 2 2 2 1 2 1 0 0 4 3 2 1 2 1 0 0 2 0 0 0 3 2 2 2 2 2 1 1 3 2 2 0 3 0 0 0 2 2 2 0 
236 120 [ 235 ] 3 210 2 2 2 1 2 1 0 0 4 3 2 1 2 1 0 0 2 0 0 0 3 2 2 2 2 2 1 1 3 2 2 0 3 0 0 0 2 2 2 0 
237 30 [ ] 4 90 4 4 0 0 0 0 0 0 3 2 0 0 4 2 1 1 0 0 0 0 2 2 1 1 4 3 0 0 4 4 0 0 2 2 1 1 4 2 0 0 
238 30 [ ] 4 210 0 0 0 0 0 0 0 0 0 0 0 0 0 0 0 0 0 0 0 0 0 0 0 0 0 0 0 0 5 3 2 0 0 0 0 0 0 0 0 0 
239 120 [ ] 3 100 0 0 0 0 0 0 0 0 0 0 0 0 4 4 3 2 0 0 0 0 4 3 3 2 0 0 0 0 0 0 0 0 0 0 0 0 0 0 0 0 
240 30 [ ] 4 100 3 2 2 2 3 0 0 0 2 2 1 1 3 3 3 2 5 4 2 0 3 3 3 2 3 0 0 0 3 3 2 0 2 2 2 2 1 1 1 1 
241 120 [ 240 ] 4 150 0 0 0 0 0 0 0 0 0 0 0 0 2 2 0 0 4 4 3 2 0 0 0 0 5 0 0 0 0 0 0 0 3 0 0 0 0 0 0 0 
242 120 [ 241 ] 4 150 0 0 0 0 0 0 0 0 0 0 0 0 2 2 0 0 4 4 3 2 0 0 0 0 5 0 0 0 0 0 0 0 3 0 0 0 0 0 0 0 
243 120 [ 242 ] 4 150 0 0 0 0 0 0 0 0 0 0 0 0 2 2 0 0 4 4 3 2 0 0 0 0 5 0 0 0 0 0 0 0 3 0 0 0 0 0 0 0 
244 120 [ 243 ] 4 150 0 0 0 0 0 0 0 0 0 0 0 0 2 2 0 0 4 4 3 2 0 0 0 0 5 0 0 0 0 0 0 0 3 0 0 0 0 0 0 0 
245 120 [ 244 ] 4 150 3 3 3 1 2 1 1 0 4 0 0 0 3 2 0 0 3 0 0 0 2 2 2 0 3 0 0 0 3 3 3 2 3 3 2 0 3 3 3 2 
246 120 [ ] 4 70 4 3 0 0 0 0 0 0 0 0 0 0 0 0 0 0 0 0 0 0 2 2 2 1 3 0 0 0 1 0 0 0 2 1 1 0 4 3 0 0 
247 120 [ 246 ] 4 70 4 3 0 0 0 0 0 0 0 0 0 0 0 0 0 0 0 0 0 0 2 2 2 1 3 0 0 0 1 0 0 0 2 1 1 0 4 3 0 0 
248 30 [ ] 1 150 0 0 0 0 0 0 0 0 0 0 0 0 0 0 0 0 2 0 0 0 0 0 0 0 0 0 0 0 0 0 0 0 0 0 0 0 0 0 0 0 
249 120 [ ] 1 150 5 0 0 0 2 0 0 0 2 2 1 1 2 2 2 1 2 2 1 1 0 0 0 0 3 0 0 0 0 0 0 0 2 2 2 0 0 0 0 0 
250 120 [ 249 ] 1 150 5 0 0 0 2 0 0 0 2 2 1 1 2 2 2 1 2 2 1 1 0 0 0 0 3 0 0 0 0 0 0 0 2 2 2 0 0 0 0 0 
251 120 [ 250 ] 1 150 5 0 0 0 2 0 0 0 2 2 1 1 2 2 2 1 2 2 1 1 0 0 0 0 3 0 0 0 0 0 0 0 2 2 2 0 0 0 0 0 
252 30 [ 251 ] 4 60 2 2 0 0 2 2 1 1 4 3 1 0 0 0 0 0 0 0 0 0 0 0 0 0 0 0 0 0 0 0 0 0 3 2 2 2 0 0 0 0 
253 30 [ ] 3 100 3 3 2 2 0 0 0 0 4 3 3 0 0 0 0 0 4 3 2 2 2 0 0 0 3 3 3 3 3 1 0 0 2 2 0 0 0 0 0 0 
254 120 [ 253 ] 4 60 0 0 0 0 0 0 0 0 0 0 0 0 0 0 0 0 4 3 0 0 2 1 1 0 0 0 0 0 0 0 0 0 0 0 0 0 0 0 0 0 
255 120 [ 254 ] 4 150 1 0 0 0 0 0 0 0 0 0 0 0 2 2 2 0 2 2 0 0 0 0 0 0 0 0 0 0 0 0 0 0 0 0 0 0 3 3 2 0 
256 120 [ 255 ] 4 150 1 0 0 0 0 0 0 0 0 0 0 0 2 2 2 0 2 2 0 0 0 0 0 0 0 0 0 0 0 0 0 0 0 0 0 0 3 3 2 0 
257 120 [ 256 ] 4 150 1 0 0 0 0 0 0 0 0 0 0 0 2 2 2 0 2 2 0 0 0 0 0 0 0 0 0 0 0 0 0 0 0 0 0 0 3 3 2 0 
258 120 [ 257 ] 4 150 1 0 0 0 0 0 0 0 0 0 0 0 2 2 2 0 2 2 0 0 0 0 0 0 0 0 0 0 0 0 0 0 0 0 0 0 3 3 2 0 
259 30 [ ] 4 90 0 0 0 0 0 0 0 0 0 0 0 0 0 0 0 0 0 0 0 0 2 2 2 0 0 0 0 0 0 0 0 0 0 0 0 0 0 0 0 0 
260 30 [ 259 ] 4 70 0 0 0 0 4 4 3 1 0 0 0 0 0 0 0 0 0 0 0 0 0 0 0 0 0 0 0 0 0 0 0 0 0 0 0 0 0 0 0 0 
261 30 [ ] 3 140 0 0 0 0 0 0 0 0 0 0 0 0 3 2 0 0 0 0 0 0 0 0 0 0 0 0 0 0 0 0 0 0 0 0 0 0 0 0 0 0 
262 30 [ ] 4 50 2 2 1 1 0 0 0 0 3 1 0 0 3 1 0 0 5 2 1 0 0 0 0 0 0 0 0 0 3 3 2 0 4 3 0 0 0 0 0 0 
263 120 [ ] 3 140 4 2 2 0 4 3 0 0 4 3 0 0 4 4 0 0 2 1 0 0 4 3 3 3 2 0 0 0 2 0 0 0 2 2 0 0 4 2 1 0 
264 120 [ ] 3 30 4 3 1 0 5 0 0 0 2 1 1 0 3 3 2 1 3 0 0 0 2 2 1 0 3 0 0 0 3 2 1 0 4 0 0 0 4 3 3 2 
265 120 [ 264 ] 3 30 4 3 1 0 5 0 0 0 2 1 1 0 3 3 2 1 3 0 0 0 2 2 1 0 3 0 0 0 3 2 1 0 4 0 0 0 4 3 3 2 
266 120 [ 265 ] 3 30 4 3 1 0 5 0 0 0 2 1 1 0 3 3 2 1 3 0 0 0 2 2 1 0 3 0 0 0 3 2 1 0 4 0 0 0 4 3 3 2 
267 120 [ 266 ] 3 30 4 3 1 0 5 0 0 0 2 1 1 0 3 3 2 1 3 0 0 0 2 2 1 0 3 0 0 0 3 2 1 0 4 0 0 0 4 3 3 2 
268 120 [ 267 ] 4 90 0 0 0 0 1 1 1 0 0 0 0 0 0 0 0 0 3 3 2 2 0 0 0 0 0 0 0 0 0 0 0 0 0 0 0 0 0 0 0 0 
269 30 [ 268 ] 4 150 0 0 0 0 0 0 0 0 0 0 0 0 0 0 0 0 3 2 1 0 0 0 0 0 0 0 0 0 0 0 0 0 0 0 0 0 0 0 0 0 
270 90 [ ] 4 30 0 0 0 0 0 0 0 0 0 0 0 0 0 0 0 0 0 0 0 0 0 0 0 0 0 0 0 0 0 0 0 0 0 0 0 0 2 1 1 0 
271 30 [ ] 1 140 0 0 0 0 3 1 0 0 0 0 0 0 0 0 0 0 0 0 0 0 0 0 0 0 0 0 0 0 0 0 0 0 0 0 0 0 0 0 0 0 
272 120 [ ] 2 150 3 1 0 0 2 2 1 1 4 0 0 0 2 1 0 0 4 2 0 0 2 1 0 0 2 2 0 0 4 0 0 0 4 3 3 0 0 0 0 0 
273 120 [ 272 ] 2 150 3 1 0 0 2 2 1 1 4 0 0 0 2 1 0 0 4 2 0 0 2 1 0 0 2 2 0 0 4 0 0 0 4 3 3 0 0 0 0 0 
274 30 [ 273 ] 2 60 3 2 0 0 4 2 0 0 4 0 0 0 3 3 1 1 3 2 1 1 2 0 0 0 3 3 1 0 3 2 0 0 5 3 1 0 3 0 0 0 
275 90 [ 274 ] 4 60 3 3 1 0 3 3 3 2 2 0 0 0 2 1 0 0 1 1 1 1 0 0 0 0 4 2 0 0 3 0 0 0 3 2 1 0 0 0 0 0 
276 30 [ ] 4 100 2 2 1 1 0 0 0 0 2 2 2 0 2 0 0 0 3 2 2 1 4 2 0 0 3 1 1 0 3 0 0 0 0 0 0 0 0 0 0 0 
277 120 [ ] 2 150 0 0 0 0 3 1 0 0 0 0 0 0 0 0 0 0 0 0 0 0 0 0 0 0 0 0 0 0 0 0 0 0 0 0 0 0 0 0 0 0 
278 120 [ 277 ] 2 150 0 0 0 0 3 1 0 0 0 0 0 0 0 0 0 0 0 0 0 0 0 0 0 0 0 0 0 0 0 0 0 0 0 0 0 0 0 0 0 0 
279 120 [ ] 2 100 2 2 0 0 0 0 0 0 0 0 0 0 1 0 0 0 0 0 0 0 2 1 0 0 0 0 0 0 0 0 0 0 0 0 0 0 0 0 0 0 
280 120 [ ] 4 60 4 3 0 0 4 2 0 0 2 2 2 0 2 2 1 1 4 3 3 0 4 2 0 0 5 3 3 0 2 2 0 0 3 3 2 2 0 0 0 0 
281 120 [ 280 ] 4 60 4 3 0 0 4 2 0 0 2 2 2 0 2 2 1 1 4 3 3 0 4 2 0 0 5 3 3 0 2 2 0 0 3 3 2 2 0 0 0 0 
282 30 [ 281 ] 4 100 5 3 1 0 4 2 0 0 2 1 0 0 3 0 0 0 0 0 0 0 4 4 3 3 2 0 0 0 2 1 1 0 2 2 0 0 2 0 0 0 
283 30 [ ] 2 140 4 3 2 1 3 0 0 0 0 0 0 0 3 3 3 0 4 0 0 0 4 3 3 1 0 0 0 0 4 0 0 0 0 0 0 0 2 1 1 0 
284 120 [ ] 2 100 0 0 0 0 0 0 0 0 0 0 0 0 4 0 0 0 0 0 0 0 0 0 0 0 3 0 0 0 0 0 0 0 4 3 3 0 3 3 1 1 
285 120 [ 284 ] 4 30 0 0 0 0 4 2 0 0 3 2 1 1 3 1 1 1 0 0 0 0 0 0 0 0 0 0 0 0 0 0 0 0 0 0 0 0 3 2 1 1 
286 120 [ 285 ] 4 30 0 0 0 0 4 2 0 0 3 2 1 1 3 1 1 1 0 0 0 0 0 0 0 0 0 0 0 0 0 0 0 0 0 0 0 0 3 2 1 1 
287 30 [ ] 3 210 0 0 0 0 2 0 0 0 4 3 0 0 2 0 0 0 3 1 0 0 0 0 0 0 0 0 0 0 0 0 0 0 0 0 0 0 0 0 0 0 
288 90 [ ] 2 150 3 0 0 0 2 2 2 0 2 0 0 0 3 3 2 2 4 1 0 0 4 0 0 0 4 4 3 2 4 0 0 0 3 1 0 0 2 2 2 0 
289 30 [ ] 1 150 0 0 0 0 2 1 1 0 2 2 2 2 0 0 0 0 0 0 0 0 0 0 0 0 0 0 0 0 0 0 0 0 0 0 0 0 0 0 0 0 
290 120 [ 289 ] 2 30 4 0 0 0 0 0 0 0 4 4 3 0 0 0 0 0 0 0 0 0 0 0 0 0 2 2 0 0 0 0 0 0 0 0 0 0 0 0 0 0 
291 120 [ 290 ] 2 30 4 0 0 0 0 0 0 0 4 4 3 0 0 0 0 0 0 0 0 0 0 0 0 0 2 2 0 0 0 0 0 0 0 0 0 0 0 0 0 0 
292 30 [ ] 2 60 0 0 0 0 3 0 0 0 3 3 2 1 2 2 2 2 0 0 0 0 4 0 0 0 0 0 0 0 4 3 3 2 4 0 0 0 4 0 0 0 
293 120 [ ] 4 140 0 0 0 0 0 0 0 0 0 0 0 0 3 2 2 0 0 0 0 0 0 0 0 0 0 0 0 0 0 0 0 0 0 0 0 0 0 0 0 0 
294 120 [ ] 2 150 3 3 1 0 2 0 0 0 0 0 0 0 3 1 0 0 3 3 0 0 5 4 3 0 4 3 2 0 0 0 0 0 4 0 0 0 0 0 0 0 
295 120 [ 294 ] 2 150 3 3 1 0 2 0 0 0 0 0 0 0 3 1 0 0 3 3 0 0 5 4 3 0 4 3 2 0 0 0 0 0 4 0 0 0 0 0 0 0 
296 120 [ ] 4 150 0 0 0 0 4 2 0 0 2 0 0 0 0 0 0 0 0 0 0 0 0 0 0 0 0 0 0 0 0 0 0 0 0 0 0 0 0 0 0 0 
297 120 [ 296 ] 4 150 0 0 0 0 4 2 0 0 2 0 0 0 0 0 0 0 0 0 0 0 0 0 0 0 0 0 0 0 0 0 0 0 0 0 0 0 0 0 0 0 
298 120 [ 297 ] 4 150 0 0 0 0 4 2 0 0 2 0 0 0 0 0 0 0 0 0 0 0 0 0 0 0 0 0 0 0 0 0 0 0 0 0 0 0 0 0 0 0 
299 120 [ 298 ] 4 150 0 0 0 0 4 2 0 0 2 0 0 0 0 0 0 0 0 0 0 0 0 0 0 0 0 0 0 0 0 0 0 0 0 0 0 0 0 0 0 0 
300 30 [ ] 1 150 2 0 0 0 4 0 0 0 4 0 0 0 3 2 0 0 4 2 0 0 4 0 0 0 5 4 0 0 5 4 0 0 0 0 0 0 2 0 0 0 
301 120 [ ] 1 150 0 0 0 0 2 0 0 0 3 2 0 0 0 0 0 0 3 2 2 2 4 2 0 0 4 0 0 0 0 0 0 0 5 2 1 1 1 0 0 0 
302 30 [ 301 ] 2 100 2 2 2 1 4 4 4 3 3 0 0 0 2 2 1 0 2 0 0 0 0 0 0 0 2 2 2 0 4 2 1 0 3 0 0 0 2 0 0 0 
303 30 [ ] 2 100 0 0 0 0 0 0 0 0 0 0 0 0 0 0 0 0 4 0 0 0 0 0 0 0 0 0 0 0 0 0 0 0 0 0 0 0 0 0 0 0 
304 120 [ ] 3 150 0 0 0 0 0 0 0 0 0 0 0 0 0 0 0 0 4 3 3 0 0 0 0 0 0 0 0 0 0 0 0 0 0 0 0 0 3 3 3 1 
305 30 [ 304 ] 4 140 0 0 0 0 0 0 0 0 0 0 0 0 0 0 0 0 4 0 0 0 0 0 0 0 0 0 0 0 0 0 0 0 0 0 0 0 0 0 0 0 
306 120 [ ] 4 70 0 0 0 0 0 0 0 0 4 3 2 2 0 0 0 0 0 0 0 0 0 0 0 0 0 0 0 0 0 0 0 0 0 0 0 0 2 2 1 0 
307 120 [ 306 ] 4 70 0 0 0 0 0 0 0 0 4 3 2 2 0 0 0 0 0 0 0 0 0 0 0 0 0 0 0 0 0 0 0 0 0 0 0 0 2 2 1 0 
308 120 [ 307 ] 4 70 0 0 0 0 0 0 0 0 4 3 2 2 0 0 0 0 0 0 0 0 0 0 0 0 0 0 0 0 0 0 0 0 0 0 0 0 2 2 1 0 
309 120 [ 308 ] 4 70 0 0 0 0 0 0 0 0 4 3 2 2 0 0 0 0 0 0 0 0 0 0 0 0 0 0 0 0 0 0 0 0 0 0 0 0 2 2 1 0 
310 30 [ ] 1 210 3 1 0 0 4 2 0 0 4 0 0 0 3 2 1 0 5 0 0 0 2 2 2 0 0 0 0 0 4 3 3 0 2 2 1 1 1 0 0 0 
311 30 [ 310 ] 4 150 0 0 0 0 0 0 0 0 0 0 0 0 0 0 0 0 0 0 0 0 0 0 0 0 0 0 0 0 0 0 0 0 1 0 0 0 3 0 0 0 
312 30 [ ] 2 30 3 2 0 0 0 0 0 0 0 0 0 0 0 0 0 0 2 2 1 1 0 0 0 0 0 0 0 0 0 0 0 0 0 0 0 0 0 0 0 0 
313 30 [ ] 2 150 2 2 0 0 0 0 0 0 4 3 3 2 4 3 0 0 0 0 0 0 0 0 0 0 5 3 1 0 0 0 0 0 2 2 2 0 0 0 0 0 
314 30 [ ] 2 100 0 0 0 0 0 0 0 0 0 0 0 0 0 0 0 0 0 0 0 0 0 0 0 0 0 0 0 0 0 0 0 0 4 3 2 1 0 0 0 0 
315 120 [ ] 4 210 0 0 0 0 2 2 0 0 4 2 0 0 0 0 0 0 3 0 0 0 5 3 0 0 2 0 0 0 1 1 1 0 3 2 2 2 2 2 2 2 
316 120 [ 315 ] 4 210 0 0 0 0 2 2 0 0 4 2 0 0 0 0 0 0 3 0 0 0 5 3 0 0 2 0 0 0 1 1 1 0 3 2 2 2 2 2 2 2 
317 120 [ 316 ] 4 210 0 0 0 0 2 2 0 0 4 2 0 0 0 0 0 0 3 0 0 0 5 3 0 0 2 0 0 0 1 1 1 0 3 2 2 2 2 2 2 2 
318 120 [ 317 ] 4 210 0 0 0 0 2 2 0 0 4 2 0 0 0 0 0 0 3 0 0 0 5 3 0 0 2 0 0 0 1 1 1 0 3 2 2 2 2 2 2 2 
319 30 [ ] 2 100 2 2 2 1 5 4 2 1 3 2 2 2 3 3 3 2 0 0 0 0 2 1 1 0 5 2 1 0 0 0 0 0 3 2 1 0 5 4 1 0 
320 120 [ ] 4 50 0 0 0 0 3 2 0 0 3 0 0 0 0 0 0 0 0 0 0 0 0 0 0 0 0 0 0 0 0 0 0 0 0 0 0 0 0 0 0 0 
321 120 [ 320 ] 4 50 0 0 0 0 3 2 0 0 3 0 0 0 0 0 0 0 0 0 0 0 0 0 0 0 0 0 0 0 0 0 0 0 0 0 0 0 0 0 0 0 
322 120 [ 321 ] 4 50 0 0 0 0 3 2 0 0 3 0 0 0 0 0 0 0 0 0 0 0 0 0 0 0 0 0 0 0 0 0 0 0 0 0 0 0 0 0 0 0 
323 120 [ 322 ] 4 50 0 0 0 0 3 2 0 0 3 0 0 0 0 0 0 0 0 0 0 0 0 0 0 0 0 0 0 0 0 0 0 0 0 0 0 0 0 0 0 0 
324 120 [ ] 2 70 2 1 0 0 3 0 0 0 4 2 2 0 4 1 1 0 0 0 0 0 2 0 0 0 2 1 1 0 0 0 0 0 0 0 0 0 0 0 0 0 
325 120 [ 324 ] 2 70 2 1 0 0 3 0 0 0 4 2 2 0 4 1 1 0 0 0 0 0 2 0 0 0 2 1 1 0 0 0 0 0 0 0 0 0 0 0 0 0 
326 120 [ 325 ] 2 70 2 1 0 0 3 0 0 0 4 2 2 0 4 1 1 0 0 0 0 0 2 0 0 0 2 1 1 0 0 0 0 0 0 0 0 0 0 0 0 0 
327 30 [ 326 ] 2 150 5 4 0 0 2 0 0 0 4 0 0 0 2 2 2 0 3 2 0 0 0 0 0 0 4 3 0 0 5 4 1 0 3 0 0 0 2 2 0 0 
328 120 [ ] 2 210 4 0 0 0 0 0 0 0 2 1 0 0 3 3 0 0 0 0 0 0 2 0 0 0 4 0 0 0 4 3 3 0 0 0 0 0 0 0 0 0 
329 30 [ ] 4 60 3 2 2 1 0 0 0 0 0 0 0 0 0 0 0 0 0 0 0 0 0 0 0 0 0 0 0 0 0 0 0 0 0 0 0 0 0 0 0 0 
330 30 [ ] 1 150 2 0 0 0 3 3 1 1 0 0 0 0 4 1 0 0 0 0 0 0 4 2 0 0 4 0 0 0 4 2 0 0 2 0 0 0 0 0 0 0 
331 30 [ ] 3 140 3 3 2 1 0 0 0 0 0 0 0 0 2 2 1 1 0 0 0 0 0 0 0 0 0 0 0 0 0 0 0 0 0 0 0 0 0 0 0 0 
332 120 [ ] 2 100 2 2 2 1 0 0 0 0 0 0 0 0 0 0 0 0 0 0 0 0 0 0 0 0 0 0 0 0 0 0 0 0 0 0 0 0 0 0 0 0 
333 120 [ ] 3 70 5 4 2 0 0 0 0 0 0 0 0 0 0 0 0 0 0 0 0 0 3 2 1 0 0 0 0 0 0 0 0 0 0 0 0 0 5 2 1 0 
334 120 [ ] 3 70 0 0 0 0 0 0 0 0 0 0 0 0 0 0 0 0 3 0 0 0 0 0 0 0 0 0 0 0 0 0 0 0 0 0 0 0 5 2 1 0 
335 120 [ 334 ] 3 90 4 0 0 0 2 1 1 1 3 0 0 0 4 3 0 0 3 2 2 0 0 0 0 0 2 1 1 1 2 2 1 1 3 0 0 0 3 1 0 0 
336 30 [ ] 3 210 3 3 0 0 3 3 3 2 2 0 0 0 4 0 0 0 2 0 0 0 2 2 0 0 4 3 0 0 3 3 0 0 2 2 2 2 3 3 3 2 
337 120 [ ] 2 30 2 2 2 2 0 0 0 0 0 0 0 0 0 0 0 0 0 0 0 0 0 0 0 0 0 0 0 0 0 0 0 0 0 0 0 0 1 1 0 0 
338 90 [ ] 4 50 0 0 0 0 4 0 0 0 3 2 0 0 0 0 0 0 2 2 2 2 0 0 0 0 3 2 0 0 4 3 2 2 0 0 0 0 0 0 0 0 
339 30 [ 338 ] 4 150 4 3 0 0 0 0 0 0 0 0 0 0 0 0 0 0 0 0 0 0 0 0 0 0 0 0 0 0 0 0 0 0 0 0 0 0 0 0 0 0 
340 30 [ 339 ] 4 50 2 1 0 0 4 1 0 0 2 1 1 0 0 0 0 0 0 0 0 0 4 4 0 0 2 1 1 0 0 0 0 0 0 0 0 0 3 3 2 2 
341 30 [ ] 4 140 0 0 0 0 2 0 0 0 4 3 3 2 0 0 0 0 0 0 0 0 0 0 0 0 0 0 0 0 0 0 0 0 2 0 0 0 0 0 0 0 
342 30 [ 341 ] 4 140 3 2 2 2 3 2 2 1 3 0 0 0 3 2 2 2 3 2 1 0 3 3 1 0 2 2 2 1 4 0 0 0 3 2 0 0 0 0 0 0 
343 30 [ ] 1 170 0 0 0 0 2 0 0 0 0 0 0 0 0 0 0 0 0 0 0 0 0 0 0 0 0 0 0 0 0 0 0 0 0 0 0 0 0 0 0 0 
344 30 [ ] 2 30 4 3 1 0 0 0 0 0 3 3 0 0 3 3 0 0 0 0 0 0 3 2 0 0 0 0 0 0 3 2 2 1 0 0 0 0 0 0 0 0 
345 90 [ ] 1 150 0 0 0 0 0 0 0 0 0 0 0 0 4 3 1 0 3 3 2 2 0 0 0 0 0 0 0 0 0 0 0 0 5 5 3 0 3 3 0 0 
346 90 [ ] 3 50 5 1 0 0 4 0 0 0 2 2 2 0 2 1 1 1 4 1 0 0 3 3 2 1 5 3 0 0 4 4 4 4 3 3 2 2 2 0 0 0 
347 30 [ ] 1 150 0 0 0 0 2 1 0 0 0 0 0 0 3 3 3 0 0 0 0 0 3 3 2 0 5 2 1 0 5 5 3 2 3 2 0 0 0 0 0 0 
348 30 [ ] 1 190 2 0 0 0 3 3 2 1 3 0 0 0 0 0 0 0 0 0 0 0 3 3 2 0 3 3 3 0 4 4 0 0 3 2 2 0 3 3 0 0 
349 30 [ ] 4 90 0 0 0 0 0 0 0 0 0 0 0 0 0 0 0 0 0 0 0 0 0 0 0 0 3 3 2 1 0 0 0 0 0 0 0 0 0 0 0 0 
350 120 [ 349 ] 4 70 0 0 0 0 2 2 0 0 2 2 2 0 0 0 0 0 3 2 2 0 4 4 0 0 3 3 1 0 1 1 1 0 2 1 1 1 2 1 0 0 
351 30 [ ] 4 140 4 4 3 1 2 1 0 0 2 2 1 1 4 2 0 0 3 2 0 0 3 3 3 2 1 1 1 0 2 1 0 0 3 2 0 0 2 2 0 0 
352 120 [ ] 4 100 0 0 0 0 0 0 0 0 3 3 3 2 0 0 0 0 3 3 1 0 0 0 0 0 0 0 0 0 0 0 0 0 0 0 0 0 3 0 0 0 
353 120 [ 352 ] 4 100 0 0 0 0 0 0 0 0 3 3 3 2 0 0 0 0 3 3 1 0 0 0 0 0 0 0 0 0 0 0 0 0 0 0 0 0 3 0 0 0 
354 120 [ 353 ] 4 100 0 0 0 0 0 0 0 0 3 3 3 2 0 0 0 0 3 3 1 0 0 0 0 0 0 0 0 0 0 0 0 0 0 0 0 0 3 0 0 0 
355 120 [ 354 ] 4 100 0 0 0 0 0 0 0 0 3 3 3 2 0 0 0 0 3 3 1 0 0 0 0 0 0 0 0 0 0 0 0 0 0 0 0 0 3 0 0 0 
356 120 [ ] 4 100 2 1 1 1 0 0 0 0 3 1 0 0 0 0 0 0 0 0 0 0 3 0 0 0 0 0 0 0 0 0 0 0 0 0 0 0 0 0 0 0 
357 120 [ 356 ] 4 50 2 1 1 0 3 3 0 0 3 0 0 0 4 0 0 0 2 2 1 0 1 1 1 0 2 0 0 0 3 0 0 0 0 0 0 0 4 2 2 0 
358 120 [ 357 ] 4 50 2 1 1 0 3 3 0 0 3 0 0 0 4 0 0 0 2 2 1 0 1 1 1 0 2 0 0 0 3 0 0 0 0 0 0 0 4 2 2 0 
359 120 [ 358 ] 4 50 2 1 1 0 3 3 0 0 3 0 0 0 4 0 0 0 2 2 1 0 1 1 1 0 2 0 0 0 3 0 0 0 0 0 0 0 4 2 2 0 
360 120 [ ] 1 150 0 0 0 0 0 0 0 0 0 0 0 0 0 0 0 0 0 0 0 0 2 1 0 0 0 0 0 0 0 0 0 0 0 0 0 0 0 0 0 0 
361 120 [ 360 ] 1 150 0 0 0 0 0 0 0 0 0 0 0 0 0 0 0 0 0 0 0 0 2 1 0 0 0 0 0 0 0 0 0 0 0 0 0 0 0 0 0 0 
362 120 [ 361 ] 1 150 0 0 0 0 0 0 0 0 0 0 0 0 0 0 0 0 0 0 0 0 2 1 0 0 0 0 0 0 0 0 0 0 0 0 0 0 0 0 0 0 
363 120 [ 362 ] 1 150 0 0 0 0 0 0 0 0 0 0 0 0 0 0 0 0 0 0 0 0 2 1 0 0 0 0 0 0 0 0 0 0 0 0 0 0 0 0 0 0 
364 120 [ ] 2 70 0 0 0 0 2 2 1 0 3 0 0 0 5 4 3 2 0 0 0 0 3 0 0 0 4 3 0 0 3 2 2 1 3 3 3 3 2 1 1 0 
365 120 [ 364 ] 2 70 0 0 0 0 2 2 1 0 3 0 0 0 5 4 3 2 0 0 0 0 3 0 0 0 4 3 0 0 3 2 2 1 3 3 3 3 2 1 1 0 
366 120 [ 365 ] 2 70 0 0 0 0 2 2 1 0 3 0 0 0 5 4 3 2 0 0 0 0 3 0 0 0 4 3 0 0 3 2 2 1 3 3 3 3 2 1 1 0 
367 120 [ 366 ] 2 70 0 0 0 0 2 2 1 0 3 0 0 0 5 4 3 2 0 0 0 0 3 0 0 0 4 3 0 0 3 2 2 1 3 3 3 3 2 1 1 0 
368 30 [ ] 2 50 3 0 0 0 4 3 3 0 3 2 2 0 5 5 0 0 5 2 0 0 2 2 0 0 0 0 0 0 3 3 3 1 4 3 0 0 3 2 0 0 
369 120 [ ] 1 190 0 0 0 0 0 0 0 0 4 0 0 0 0 0 0 0 0 0 0 0 0 0 0 0 0 0 0 0 4 3 0 0 2 1 0 0 1 1 0 0 
370 120 [ ] 2 50 4 0 0 0 0 0 0 0 3 0 0 0 3 3 0 0 0 0 0 0 4 2 0 0 4 3 3 0 4 1 1 0 3 3 2 0 2 2 2 2 
371 120 [ 370 ] 2 50 4 0 0 0 0 0 0 0 3 0 0 0 3 3 0 0 0 0 0 0 4 2 0 0 4 3 3 0 4 1 1 0 3 3 2 0 2 2 2 2 
372 120 [ 371 ] 2 50 4 0 0 0 0 0 0 0 3 0 0 0 3 3 0 0 0 0 0 0 4 2 0 0 4 3 3 0 4 1 1 0 3 3 2 0 2 2 2 2 
373 120 [ 372 ] 2 50 4 0 0 0 0 0 0 0 3 0 0 0 3 3 0 0 0 0 0 0 4 2 0 0 4 3 3 0 4 1 1 0 3 3 2 0 2 2 2 2 
374 30 [ ] 3 70 3 3 2 1 2 0 0 0 0 0 0 0 0 0 0 0 0 0 0 0 3 3 3 2 4 1 0 0 2 1 1 0 3 3 2 0 0 0 0 0 
375 120 [ ] 4 90 4 0 0 0 0 0 0 0 0 0 0 0 2 2 1 0 0 0 0 0 0 0 0 0 0 0 0 0 2 1 1 0 0 0 0 0 0 0 0 0 
376 120 [ 375 ] 4 90 4 0 0 0 0 0 0 0 0 0 0 0 2 2 1 0 0 0 0 0 0 0 0 0 0 0 0 0 2 1 1 0 0 0 0 0 0 0 0 0 
377 30 [ ] 2 210 5 3 1 0 4 2 0 0 0 0 0 0 3 3 3 3 2 1 0 0 4 3 2 0 4 2 1 0 2 2 2 0 3 3 2 0 3 1 0 0 
378 30 [ ] 2 50 3 0 0 0 4 4 2 0 3 2 0 0 2 2 2 2 2 2 2 2 4 4 3 3 0 0 0 0 2 1 0 0 0 0 0 0 2 2 0 0 
379 30 [ ] 3 100 3 2 0 0 0 0 0 0 3 2 0 0 2 0 0 0 0 0 0 0 0 0 0 0 3 3 2 2 0 0 0 0 3 3 0 0 3 3 0 0 
380 30 [ ] 3 100 0 0 0 0 0 0 0 0 3 3 3 3 0 0 0 0 0 0 0 0 0 0 0 0 0 0 0 0 0 0 0 0 0 0 0 0 0 0 0 0 
381 90 [ ] 4 50 0 0 0 0 3 2 1 0 3 2 0 0 1 0 0 0 4 0 0 0 3 2 2 1 0 0 0 0 0 0 0 0 2 0 0 0 3 2 0 0 
382 30 [ ] 4 50 4 1 1 0 3 2 0 0 0 0 0 0 4 2 0 0 3 2 0 0 5 4 3 2 0 0 0 0 2 0 0 0 0 0 0 0 2 2 2 1 
383 30 [ 382 ] 4 50 2 0 0 0 3 0 0 0 2 1 1 1 3 2 1 0 2 0 0 0 4 3 2 1 3 1 0 0 2 1 1 0 0 0 0 0 3 2 2 1 
384 120 [ ] 2 50 0 0 0 0 0 0 0 0 0 0 0 0 0 0 0 0 0 0 0 0 3 2 1 1 0 0 0 0 0 0 0 0 4 4 2 0 0 0 0 0 
385 120 [ 384 ] 2 50 0 0 0 0 0 0 0 0 0 0 0 0 0 0 0 0 0 0 0 0 3 2 1 1 0 0 0 0 0 0 0 0 4 4 2 0 0 0 0 0 
386 30 [ ] 1 160 3 2 1 1 2 1 1 0 0 0 0 0 3 0 0 0 4 4 3 0 4 3 2 0 3 2 0 0 4 3 0 0 3 3 3 2 0 0 0 0 
387 120 [ 386 ] 1 170 0 0 0 0 2 0 0 0 0 0 0 0 2 0 0 0 2 2 1 0 0 0 0 0 0 0 0 0 0 0 0 0 0 0 0 0 3 2 2 1 
388 120 [ 387 ] 1 170 0 0 0 0 2 0 0 0 0 0 0 0 2 0 0 0 2 2 1 0 0 0 0 0 0 0 0 0 0 0 0 0 0 0 0 0 3 2 2 1 
389 120 [ 388 ] 1 170 0 0 0 0 2 0 0 0 0 0 0 0 2 0 0 0 2 2 1 0 0 0 0 0 0 0 0 0 0 0 0 0 0 0 0 0 3 2 2 1 
390 120 [ ] 3 60 4 2 2 1 0 0 0 0 5 3 1 0 3 1 1 1 3 2 0 0 3 2 2 0 3 2 0 0 2 2 0 0 2 0 0 0 4 3 0 0 
391 120 [ 390 ] 3 60 4 2 2 1 0 0 0 0 5 3 1 0 3 1 1 1 3 2 0 0 3 2 2 0 3 2 0 0 2 2 0 0 2 0 0 0 4 3 0 0 
392 30 [ ] 2 30 2 0 0 0 3 0 0 0 5 0 0 0 0 0 0 0 0 0 0 0 2 2 2 0 3 2 2 0 4 0 0 0 0 0 0 0 4 2 0 0 
393 30 [ ] 4 60 0 0 0 0 0 0 0 0 0 0 0 0 0 0 0 0 4 4 3 2 0 0 0 0 0 0 0 0 2 2 2 2 0 0 0 0 0 0 0 0 
394 30 [ ] 3 150 2 2 2 0 2 2 0 0 0 0 0 0 4 2 1 0 0 0 0 0 4 4 3 0 3 0 0 0 3 0 0 0 3 0 0 0 0 0 0 0 
395 120 [ ] 1 140 0 0 0 0 4 0 0 0 1 1 1 0 3 2 1 1 5 0 0 0 3 0 0 0 3 0 0 0 3 3 1 0 3 0 0 0 3 2 2 2 
396 120 [ 395 ] 1 140 0 0 0 0 4 0 0 0 1 1 1 0 3 2 1 1 5 0 0 0 3 0 0 0 3 0 0 0 3 3 1 0 3 0 0 0 3 2 2 2 
397 120 [ ] 2 140 2 2 2 2 0 0 0 0 0 0 0 0 2 1 0 0 0 0 0 0 2 1 0 0 0 0 0 0 4 4 4 2 0 0 0 0 2 1 0 0 
398 120 [ 397 ] 2 140 2 2 2 2 0 0 0 0 0 0 0 0 2 1 0 0 0 0 0 0 2 1 0 0 0 0 0 0 4 4 4 2 0 0 0 0 2 1 0 0 
399 120 [ 398 ] 2 140 2 2 2 2 0 0 0 0 0 0 0 0 2 1 0 0 0 0 0 0 2 1 0 0 0 0 0 0 4 4 4 2 0 0 0 0 2 1 0 0 
400 30 [ ] 2 140 2 2 2 2 0 0 0 0 0 0 0 0 0 0 0 0 4 3 2 0 0 0 0 0 0 0 0 0 0 0 0 0 0 0 0 0 0 0 0 0 
401 120 [ ] 2 150 4 0 0 0 0 0 0 0 0 0 0 0 4 3 1 0 2 2 0 0 4 2 0 0 2 0 0 0 2 1 0 0 0 0 0 0 0 0 0 0 
402 120 [ 401 ] 2 150 4 0 0 0 0 0 0 0 0 0 0 0 4 3 1 0 2 2 0 0 4 2 0 0 2 0 0 0 2 1 0 0 0 0 0 0 0 0 0 0 
403 120 [ 402 ] 2 150 4 0 0 0 0 0 0 0 0 0 0 0 4 3 1 0 2 2 0 0 4 2 0 0 2 0 0 0 2 1 0 0 0 0 0 0 0 0 0 0 
404 120 [ 403 ] 2 150 4 0 0 0 0 0 0 0 0 0 0 0 4 3 1 0 2 2 0 0 4 2 0 0 2 0 0 0 2 1 0 0 0 0 0 0 0 0 0 0 
405 120 [ 404 ] 3 210 0 0 0 0 0 0 0 0 0 0 0 0 0 0 0 0 0 0 0 0 0 0 0 0 2 2 0 0 0 0 0 0 0 0 0 0 0 0 0 0 
406 120 [ 405 ] 3 210 0 0 0 0 0 0 0 0 0 0 0 0 0 0 0 0 0 0 0 0 0 0 0 0 2 2 0 0 0 0 0 0 0 0 0 0 0 0 0 0 
407 120 [ 406 ] 3 210 0 0 0 0 0 0 0 0 0 0 0 0 0 0 0 0 0 0 0 0 0 0 0 0 2 2 0 0 0 0 0 0 0 0 0 0 0 0 0 0 
408 120 [ 407 ] 3 70 4 4 3 3 0 0 0 0 0 0 0 0 4 3 3 3 0 0 0 0 0 0 0 0 0 0 0 0 0 0 0 0 0 0 0 0 0 0 0 0 
409 120 [ 408 ] 3 70 4 4 3 3 0 0 0 0 0 0 0 0 4 3 3 3 0 0 0 0 0 0 0 0 0 0 0 0 0 0 0 0 0 0 0 0 0 0 0 0 
410 90 [ 409 ] 3 140 0 0 0 0 0 0 0 0 4 2 1 0 2 2 1 0 0 0 0 0 0 0 0 0 0 0 0 0 0 0 0 0 0 0 0 0 2 2 1 0 
411 30 [ 410 ] 4 210 0 0 0 0 0 0 0 0 0 0 0 0 0 0 0 0 0 0 0 0 0 0 0 0 0 0 0 0 4 2 2 0 0 0 0 0 0 0 0 0 
412 120 [ ] 3 100 0 0 0 0 4 3 2 0 4 4 3 3 2 2 0 0 0 0 0 0 5 4 4 3 2 2 2 1 3 3 3 0 0 0 0 0 0 0 0 0 
413 120 [ 412 ] 3 100 0 0 0 0 4 3 2 0 4 4 3 3 2 2 0 0 0 0 0 0 5 4 4 3 2 2 2 1 3 3 3 0 0 0 0 0 0 0 0 0 
414 120 [ ] 1 150 2 2 2 0 2 2 2 0 4 0 0 0 4 2 0 0 3 2 0 0 0 0 0 0 3 2 0 0 4 3 3 0 3 1 0 0 3 3 3 1 
415 30 [ ] 3 70 2 0 0 0 0 0 0 0 0 0 0 0 5 4 0 0 0 0 0 0 0 0 0 0 0 0 0 0 0 0 0 0 0 0 0 0 0 0 0 0 
416 120 [ ] 3 100 3 0 0 0 3 1 0 0 5 4 3 0 5 5 2 2 2 1 1 1 2 1 1 0 4 2 1 1 0 0 0 0 0 0 0 0 3 0 0 0 
417 120 [ 416 ] 3 100 3 0 0 0 3 1 0 0 5 4 3 0 5 5 2 2 2 1 1 1 2 1 1 0 4 2 1 1 0 0 0 0 0 0 0 0 3 0 0 0 
418 120 [ 417 ] 3 100 3 0 0 0 3 1 0 0 5 4 3 0 5 5 2 2 2 1 1 1 2 1 1 0 4 2 1 1 0 0 0 0 0 0 0 0 3 0 0 0 
419 120 [ 418 ] 3 100 3 0 0 0 3 1 0 0 5 4 3 0 5 5 2 2 2 1 1 1 2 1 1 0 4 2 1 1 0 0 0 0 0 0 0 0 3 0 0 0 
420 120 [ 419 ] 4 60 0 0 0 0 2 2 0 0 3 1 1 0 5 2 1 0 0 0 0 0 0 0 0 0 0 0 0 0 0 0 0 0 0 0 0 0 2 1 1 1 
421 120 [ 420 ] 4 60 0 0 0 0 2 2 0 0 3 1 1 0 5 2 1 0 0 0 0 0 0 0 0 0 0 0 0 0 0 0 0 0 0 0 0 0 2 1 1 1 
422 120 [ 421 ] 4 60 0 0 0 0 2 2 0 0 3 1 1 0 5 2 1 0 0 0 0 0 0 0 0 0 0 0 0 0 0 0 0 0 0 0 0 0 2 1 1 1 
423 120 [ ] 1 190 2 2 1 0 0 0 0 0 0 0 0 0 3 3 3 3 2 0 0 0 4 0 0 0 0 0 0 0 0 0 0 0 0 0 0 0 0 0 0 0 
424 120 [ 423 ] 1 190 2 2 1 0 0 0 0 0 0 0 0 0 3 3 3 3 2 0 0 0 4 0 0 0 0 0 0 0 0 0 0 0 0 0 0 0 0 0 0 0 
425 120 [ ] 4 50 4 3 3 0 0 0 0 0 0 0 0 0 0 0 0 0 0 0 0 0 0 0 0 0 0 0 0 0 0 0 0 0 0 0 0 0 2 1 1 0 
426 120 [ 425 ] 4 50 4 3 3 0 0 0 0 0 0 0 0 0 0 0 0 0 0 0 0 0 0 0 0 0 0 0 0 0 0 0 0 0 0 0 0 0 2 1 1 0 
427 120 [ 426 ] 4 50 4 3 3 0 0 0 0 0 0 0 0 0 0 0 0 0 0 0 0 0 0 0 0 0 0 0 0 0 0 0 0 0 0 0 0 0 2 1 1 0 
428 120 [ 427 ] 4 70 0 0 0 0 0 0 0 0 4 2 0 0 0 0 0 0 0 0 0 0 0 0 0 0 0 0 0 0 0 0 0 0 0 0 0 0 0 0 0 0 
429 120 [ 428 ] 4 70 0 0 0 0 0 0 0 0 4 2 0 0 0 0 0 0 0 0 0 0 0 0 0 0 0 0 0 0 0 0 0 0 0 0 0 0 0 0 0 0 
430 120 [ 429 ] 4 150 2 2 0 0 2 2 1 0 0 0 0 0 0 0 0 0 3 2 1 0 0 0 0 0 0 0 0 0 0 0 0 0 5 1 0 0 2 2 2 0 
431 120 [ 430 ] 4 150 2 2 0 0 2 2 1 0 0 0 0 0 0 0 0 0 3 2 1 0 0 0 0 0 0 0 0 0 0 0 0 0 5 1 0 0 2 2 2 0 
432 120 [ 431 ] 4 150 2 2 0 0 2 2 1 0 0 0 0 0 0 0 0 0 3 2 1 0 0 0 0 0 0 0 0 0 0 0 0 0 5 1 0 0 2 2 2 0 
433 120 [ 432 ] 4 150 2 2 0 0 2 2 1 0 0 0 0 0 0 0 0 0 3 2 1 0 0 0 0 0 0 0 0 0 0 0 0 0 5 1 0 0 2 2 2 0 
434 120 [ 433 ] 4 70 4 3 0 0 4 3 2 1 2 1 1 0 3 3 1 1 5 2 0 0 4 3 3 0 4 4 0 0 5 0 0 0 3 0 0 0 2 2 0 0 
435 30 [ ] 3 70 3 3 2 0 0 0 0 0 0 0 0 0 0 0 0 0 4 3 2 2 0 0 0 0 0 0 0 0 0 0 0 0 0 0 0 0 0 0 0 0 
436 120 [ ] 1 170 4 3 0 0 0 0 0 0 2 1 1 1 1 1 0 0 2 2 0 0 0 0 0 0 3 3 3 0 4 0 0 0 0 0 0 0 4 2 0 0 
437 120 [ 436 ] 1 170 4 3 0 0 0 0 0 0 2 1 1 1 1 1 0 0 2 2 0 0 0 0 0 0 3 3 3 0 4 0 0 0 0 0 0 0 4 2 0 0 
438 120 [ ] 3 140 0 0 0 0 0 0 0 0 4 3 3 0 5 3 0 0 1 0 0 0 4 3 3 0 3 2 1 0 1 1 1 1 0 0 0 0 2 2 1 0 
439 120 [ 438 ] 3 140 0 0 0 0 0 0 0 0 4 3 3 0 5 3 0 0 1 0 0 0 4 3 3 0 3 2 1 0 1 1 1 1 0 0 0 0 2 2 1 0 
440 120 [ 439 ] 3 140 0 0 0 0 0 0 0 0 4 3 3 0 5 3 0 0 1 0 0 0 4 3 3 0 3 2 1 0 1 1 1 1 0 0 0 0 2 2 1 0 
441 120 [ 440 ] 3 140 0 0 0 0 0 0 0 0 4 3 3 0 5 3 0 0 1 0 0 0 4 3 3 0 3 2 1 0 1 1 1 1 0 0 0 0 2 2 1 0 
442 120 [ ] 1 150 0 0 0 0 2 2 2 2 0 0 0 0 0 0 0 0 0 0 0 0 3 0 0 0 4 4 3 3 0 0 0 0 0 0 0 0 3 0 0 0 
443 30 [ ] 3 90 3 0 0 0 3 3 0 0 2 0 0 0 4 3 0 0 3 3 2 1 0 0 0 0 2 1 1 1 4 2 0 0 4 3 2 0 1 1 1 0 
444 30 [ 443 ] 3 50 4 2 0 0 2 1 0 0 3 2 0 0 4 4 2 0 2 2 1 1 4 4 2 2 4 3 0 0 3 0 0 0 3 3 2 0 5 5 5 1 
445 120 [ 444 ] 4 100 0 0 0 0 0 0 0 0 4 0 0 0 0 0 0 0 0 0 0 0 0 0 0 0 0 0 0 0 3 2 2 0 0 0 0 0 0 0 0 0 
446 120 [ 445 ] 4 100 0 0 0 0 0 0 0 0 4 0 0 0 0 0 0 0 0 0 0 0 0 0 0 0 0 0 0 0 3 2 2 0 0 0 0 0 0 0 0 0 
447 120 [ 446 ] 4 210 0 0 0 0 2 2 2 0 0 0 0 0 0 0 0 0 0 0 0 0 0 0 0 0 0 0 0 0 0 0 0 0 0 0 0 0 0 0 0 0 
448 30 [ 447 ] 4 50 3 2 2 0 4 4 1 0 3 1 0 0 3 3 0 0 0 0 0 0 0 0 0 0 0 0 0 0 4 4 3 3 4 3 3 0 0 0 0 0 
449 120 [ 448 ] 4 150 0 0 0 0 0 0 0 0 0 0 0 0 2 1 1 1 0 0 0 0 0 0 0 0 3 2 1 0 0 0 0 0 0 0 0 0 0 0 0 0 
450 90 [ ] 2 100 5 4 0 0 4 4 0 0 3 2 2 2 2 1 1 1 4 4 4 1 4 3 2 2 2 1 1 1 0 0 0 0 3 2 2 2 4 3 3 2 
451 30 [ ] 4 150 0 0 0 0 1 1 0 0 0 0 0 0 0 0 0 0 4 3 3 0 0 0 0 0 0 0 0 0 0 0 0 0 0 0 0 0 0 0 0 0 
452 120 [ 451 ] 4 150 0 0 0 0 3 2 1 0 0 0 0 0 3 1 0 0 0 0 0 0 3 0 0 0 4 3 2 0 4 3 2 2 3 1 0 0 0 0 0 0 
453 120 [ 452 ] 4 150 0 0 0 0 3 2 1 0 0 0 0 0 3 1 0 0 0 0 0 0 3 0 0 0 4 3 2 0 4 3 2 2 3 1 0 0 0 0 0 0 
454 120 [ 453 ] 4 150 0 0 0 0 3 2 1 0 0 0 0 0 3 1 0 0 0 0 0 0 3 0 0 0 4 3 2 0 4 3 2 2 3 1 0 0 0 0 0 0 
455 120 [ 454 ] 4 150 0 0 0 0 3 2 1 0 0 0 0 0 3 1 0 0 0 0 0 0 3 0 0 0 4 3 2 0 4 3 2 2 3 1 0 0 0 0 0 0 
456 30 [ ] 3 30 3 0 0 0 5 5 0 0 2 2 1 0 0 0 0 0 0 0 0 0 3 2 1 1 0 0 0 0 0 0 0 0 0 0 0 0 0 0 0 0 
457 120 [ 456 ] 4 50 3 0 0 0 5 3 2 0 1 0 0 0 0 0 0 0 0 0 0 0 3 2 2 1 0 0 0 0 4 4 3 2 2 1 0 0 5 0 0 0 
458 120 [ ] 3 210 4 3 3 0 2 0 0 0 4 2 1 0 2 2 1 0 0 0 0 0 3 3 1 1 0 0 0 0 3 0 0 0 5 0 0 0 0 0 0 0 
459 30 [ ] 4 100 2 1 1 1 4 0 0 0 4 0 0 0 2 2 1 0 2 1 1 0 4 4 3 2 1 0 0 0 2 2 0 0 0 0 0 0 4 1 0 0 
460 120 [ ] 3 30 0 0 0 0 3 3 2 0 4 4 0 0 0 0 0 0 0 0 0 0 0 0 0 0 4 4 3 0 2 2 1 0 5 4 3 3 3 0 0 0 
461 120 [ ] 2 50 2 2 2 2 0 0 0 0 4 3 2 0 3 0 0 0 3 2 1 0 4 3 3 2 5 4 0 0 0 0 0 0 4 0 0 0 3 2 0 0 
462 120 [ 461 ] 2 50 2 2 2 2 0 0 0 0 4 3 2 0 3 0 0 0 3 2 1 0 4 3 3 2 5 4 0 0 0 0 0 0 4 0 0 0 3 2 0 0 
463 120 [ 462 ] 2 50 2 2 2 2 0 0 0 0 4 3 2 0 3 0 0 0 3 2 1 0 4 3 3 2 5 4 0 0 0 0 0 0 4 0 0 0 3 2 0 0 
464 30 [ 463 ] 2 100 0 0 0 0 4 2 0 0 0 0 0 0 0 0 0 0 0 0 0 0 0 0 0 0 0 0 0 0 0 0 0 0 0 0 0 0 0 0 0 0 
465 120 [ ] 2 150 0 0 0 0 4 4 4 2 0 0 0 0 0 0 0 0 0 0 0 0 0 0 0 0 0 0 0 0 2 1 1 0 0 0 0 0 5 2 2 0 
466 120 [ 465 ] 2 150 0 0 0 0 4 4 4 2 0 0 0 0 0 0 0 0 0 0 0 0 0 0 0 0 0 0 0 0 2 1 1 0 0 0 0 0 5 2 2 0 
467 120 [ 466 ] 4 210 4 3 3 2 0 0 0 0 0 0 0 0 0 0 0 0 0 0 0 0 0 0 0 0 0 0 0 0 0 0 0 0 0 0 0 0 0 0 0 0 
468 120 [ 467 ] 4 210 4 3 3 2 0 0 0 0 0 0 0 0 0 0 0 0 0 0 0 0 0 0 0 0 0 0 0 0 0 0 0 0 0 0 0 0 0 0 0 0 
469 120 [ 468 ] 4 210 4 3 3 2 0 0 0 0 0 0 0 0 0 0 0 0 0 0 0 0 0 0 0 0 0 0 0 0 0 0 0 0 0 0 0 0 0 0 0 0 
470 120 [ 469 ] 4 210 4 3 3 2 0 0 0 0 0 0 0 0 0 0 0 0 0 0 0 0 0 0 0 0 0 0 0 0 0 0 0 0 0 0 0 0 0 0 0 0 
471 30 [ 470 ] 4 50 0 0 0 0 4 4 2 0 4 4 3 0 5 5 0 0 4 0 0 0 4 0 0 0 0 0 0 0 2 0 0 0 3 0 0 0 3 3 3 0 
472 30 [ ] 4 150 2 0 0 0 0 0 0 0 4 2 1 0 0 0 0 0 3 1 1 0 0 0 0 0 0 0 0 0 3 1 0 0 0 0 0 0 0 0 0 0 
473 90 [ ] 3 150 0 0 0 0 3 3 3 1 2 1 1 0 2 2 1 0 2 1 0 0 5 4 2 0 2 2 0 0 0 0 0 0 0 0 0 0 0 0 0 0 
474 120 [ ] 1 140 0 0 0 0 2 1 0 0 2 2 0 0 4 3 2 0 4 1 1 0 4 0 0 0 3 3 2 0 3 2 0 0 4 4 3 3 0 0 0 0 
475 120 [ 474 ] 1 140 0 0 0 0 2 1 0 0 2 2 0 0 4 3 2 0 4 1 1 0 4 0 0 0 3 3 2 0 3 2 0 0 4 4 3 3 0 0 0 0 
476 120 [ 475 ] 1 140 0 0 0 0 2 1 0 0 2 2 0 0 4 3 2 0 4 1 1 0 4 0 0 0 3 3 2 0 3 2 0 0 4 4 3 3 0 0 0 0 
477 120 [ 476 ] 1 140 0 0 0 0 2 1 0 0 2 2 0 0 4 3 2 0 4 1 1 0 4 0 0 0 3 3 2 0 3 2 0 0 4 4 3 3 0 0 0 0 
478 30 [ ] 2 210 4 4 3 0 0 0 0 0 0 0 0 0 0 0 0 0 0 0 0 0 0 0 0 0 0 0 0 0 3 0 0 0 0 0 0 0 0 0 0 0 
479 30 [ 478 ] 4 150 0 0 0 0 0 0 0 0 2 2 1 1 1 1 0 0 0 0 0 0 0 0 0 0 3 3 3 2 0 0 0 0 0 0 0 0 0 0 0 0 
480 30 [ 479 ] 4 140 4 0 0 0 3 1 0 0 2 2 0 0 2 0 0 0 4 3 3 3 4 0 0 0 3 3 0 0 2 2 1 1 2 2 1 0 2 0 0 0 
481 120 [ 480 ] 4 140 2 0 0 0 3 2 0 0 2 1 0 0 2 0 0 0 3 2 0 0 0 0 0 0 0 0 0 0 2 1 0 0 4 3 0 0 3 3 0 0 
482 120 [ 481 ] 4 140 2 0 0 0 3 2 0 0 2 1 0 0 2 0 0 0 3 2 0 0 0 0 0 0 0 0 0 0 2 1 0 0 4 3 0 0 3 3 0 0 
483 120 [ 482 ] 4 140 2 0 0 0 3 2 0 0 2 1 0 0 2 0 0 0 3 2 0 0 0 0 0 0 0 0 0 0 2 1 0 0 4 3 0 0 3 3 0 0 
484 120 [ 483 ] 4 140 2 0 0 0 3 2 0 0 2 1 0 0 2 0 0 0 3 2 0 0 0 0 0 0 0 0 0 0 2 1 0 0 4 3 0 0 3 3 0 0 
485 30 [ ] 1 150 2 1 0 0 4 3 2 2 0 0 0 0 3 3 2 2 0 0 0 0 0 0 0 0 0 0 0 0 2 2 2 1 4 0 0 0 2 0 0 0 
486 120 [ ] 4 70 3 3 0 0 0 0 0 0 0 0 0 0 0 0 0 0 0 0 0 0 0 0 0 0 0 0 0 0 3 0 0 0 4 4 0 0 3 3 0 0 
487 120 [ 486 ] 4 70 3 3 0 0 0 0 0 0 0 0 0 0 0 0 0 0 0 0 0 0 0 0 0 0 0 0 0 0 3 0 0 0 4 4 0 0 3 3 0 0 
488 120 [ 487 ] 4 70 3 3 0 0 0 0 0 0 0 0 0 0 0 0 0 0 0 0 0 0 0 0 0 0 0 0 0 0 3 0 0 0 4 4 0 0 3 3 0 0 
489 30 [ ] 4 150 0 0 0 0 0 0 0 0 0 0 0 0 3 0 0 0 0 0 0 0 0 0 0 0 0 0 0 0 4 3 0 0 0 0 0 0 0 0 0 0 
490 120 [ 489 ] 4 140 0 0 0 0 0 0 0 0 0 0 0 0 0 0 0 0 0 0 0 0 2 2 2 2 0 0 0 0 0 0 0 0 0 0 0 0 0 0 0 0 
491 120 [ 490 ] 4 50 0 0 0 0 0 0 0 0 0 0 0 0 0 0 0 0 0 0 0 0 0 0 0 0 0 0 0 0 3 0 0 0 0 0 0 0 0 0 0 0 
492 30 [ ] 1 150 0 0 0 0 3 2 0 0 0 0 0 0 3 0 0 0 3 0 0 0 2 2 2 2 0 0 0 0 0 0 0 0 0 0 0 0 3 3 1 1 
493 30 [ ] 2 140 2 2 1 0 3 2 2 1 3 0 0 0 4 0 0 0 1 1 0 0 3 2 1 0 3 1 0 0 0 0 0 0 4 2 2 0 4 3 0 0 
494 30 [ 493 ] 2 150 4 3 0 0 0 0 0 0 0 0 0 0 3 0 0 0 0 0 0 0 0 0 0 0 0 0 0 0 0 0 0 0 0 0 0 0 0 0 0 0 
495 120 [ ] 1 190 0 0 0 0 0 0 0 0 4 4 2 2 0 0 0 0 0 0 0 0 0 0 0 0 0 0 0 0 5 5 5 0 0 0 0 0 0 0 0 0 
496 120 [ 495 ] 1 190 0 0 0 0 0 0 0 0 4 4 2 2 0 0 0 0 0 0 0 0 0 0 0 0 0 0 0 0 5 5 5 0 0 0 0 0 0 0 0 0 
497 120 [ 496 ] 1 190 0 0 0 0 0 0 0 0 4 4 2 2 0 0 0 0 0 0 0 0 0 0 0 0 0 0 0 0 5 5 5 0 0 0 0 0 0 0 0 0 
498 120 [ 497 ] 1 190 0 0 0 0 0 0 0 0 4 4 2 2 0 0 0 0 0 0 0 0 0 0 0 0 0 0 0 0 5 5 5 0 0 0 0 0 0 0 0 0 
499 30 [ ] 1 150 2 2 0 0 2 2 2 2 4 3 2 2 4 0 0 0 4 4 4 0 3 2 0 0 3 2 0 0 3 3 1 1 2 2 1 0 2 1 0 0 
500 120 [ 499 ] 4 30 4 2 2 0 2 2 0 0 0 0 0 0 4 2 2 2 3 2 0 0 0 0 0 0 0 0 0 0 0 0 0 0 2 2 1 1 4 0 0 0 
501 120 [ 500 ] 4 30 4 2 2 0 2 2 0 0 0 0 0 0 4 2 2 2 3 2 0 0 0 0 0 0 0 0 0 0 0 0 0 0 2 2 1 1 4 0 0 0 
502 120 [ 501 ] 4 30 4 2 2 0 2 2 0 0 0 0 0 0 4 2 2 2 3 2 0 0 0 0 0 0 0 0 0 0 0 0 0 0 2 2 1 1 4 0 0 0 
503 120 [ 502 ] 4 30 4 2 2 0 2 2 0 0 0 0 0 0 4 2 2 2 3 2 0 0 0 0 0 0 0 0 0 0 0 0 0 0 2 2 1 1 4 0 0 0 
504 30 [ ] 2 50 2 1 1 1 0 0 0 0 4 4 3 2 4 4 4 2 2 1 0 0 4 0 0 0 0 0 0 0 4 0 0 0 0 0 0 0 2 0 0 0 
505 120 [ ] 4 150 2 2 2 1 3 3 3 2 2 0 0 0 3 3 1 0 0 0 0 0 3 0 0 0 2 2 2 2 4 2 0 0 3 0 0 0 4 1 0 0 
506 120 [ 505 ] 4 150 2 2 2 1 3 3 3 2 2 0 0 0 3 3 1 0 0 0 0 0 3 0 0 0 2 2 2 2 4 2 0 0 3 0 0 0 4 1 0 0 
507 120 [ ] 1 210 0 0 0 0 0 0 0 0 0 0 0 0 0 0 0 0 0 0 0 0 4 3 0 0 0 0 0 0 0 0 0 0 4 3 2 0 0 0 0 0 
508 120 [ ] 4 50 0 0 0 0 0 0 0 0 0 0 0 0 0 0 0 0 3 3 1 0 0 0 0 0 0 0 0 0 4 0 0 0 0 0 0 0 5 5 2 0 
509 120 [ ] 2 100 0 0 0 0 4 4 4 4 0 0 0 0 0 0 0 0 0 0 0 0 0 0 0 0 0 0 0 0 0 0 0 0 0 0 0 0 4 3 0 0 
510 120 [ 509 ] 2 100 0 0 0 0 4 4 4 4 0 0 0 0 0 0 0 0 0 0 0 0 0 0 0 0 0 0 0 0 0 0 0 0 0 0 0 0 4 3 0 0 
511 120 [ 510 ] 2 100 0 0 0 0 4 4 4 4 0 0 0 0 0 0 0 0 0 0 0 0 0 0 0 0 0 0 0 0 0 0 0 0 0 0 0 0 4 3 0 0 
512 120 [ 511 ] 2 100 0 0 0 0 4 4 4 4 0 0 0 0 0 0 0 0 0 0 0 0 0 0 0 0 0 0 0 0 0 0 0 0 0 0 0 0 4 3 0 0 
513 120 [ ] 3 100 5 0 0 0 2 2 2 2 4 3 2 1 0 0 0 0 2 0 0 0 2 1 1 0 0 0 0 0 4 4 2 0 0 0 0 0 2 2 0 0 
514 120 [ 513 ] 3 100 5 0 0 0 2 2 2 2 4 3 2 1 0 0 0 0 2 0 0 0 2 1 1 0 0 0 0 0 4 4 2 0 0 0 0 0 2 2 0 0 
515 120 [ 514 ] 3 100 5 0 0 0 2 2 2 2 4 3 2 1 0 0 0 0 2 0 0 0 2 1 1 0 0 0 0 0 4 4 2 0 0 0 0 0 2 2 0 0 
516 120 [ 515 ] 3 100 5 0 0 0 2 2 2 2 4 3 2 1 0 0 0 0 2 0 0 0 2 1 1 0 0 0 0 0 4 4 2 0 0 0 0 0 2 2 0 0 
517 30 [ ] 3 210 3 2 1 0 0 0 0 0 0 0 0 0 0 0 0 0 0 0 0 0 0 0 0 0 0 0 0 0 2 1 0 0 0 0 0 0 0 0 0 0 
518 120 [ 517 ] 4 30 2 2 2 1 3 3 3 3 2 2 1 0 2 2 0 0 3 0 0 0 3 2 2 0 0 0 0 0 5 3 0 0 1 1 1 0 3 3 1 0 
519 30 [ ] 1 130 3 3 0 0 4 0 0 0 3 1 0 0 3 2 2 0 2 1 0 0 4 1 0 0 4 2 1 0 4 1 0 0 5 2 0 0 2 1 0 0 
520 120 [ ] 1 150 0 0 0 0 0 0 0 0 2 2 2 2 0 0 0 0 0 0 0 0 0 0 0 0 0 0 0 0 0 0 0 0 0 0 0 0 0 0 0 0 
521 30 [ ] 3 140 2 2 1 0 0 0 0 0 0 0 0 0 0 0 0 0 0 0 0 0 0 0 0 0 0 0 0 0 0 0 0 0 3 1 1 1 0 0 0 0 
522 120 [ 521 ] 3 30 3 3 3 2 1 1 0 0 0 0 0 0 3 3 2 2 4 3 3 2 0 0 0 0 2 2 0 0 3 3 3 2 4 4 4 2 2 1 0 0 
523 120 [ 522 ] 3 30 3 3 3 2 1 1 0 0 0 0 0 0 3 3 2 2 4 3 3 2 0 0 0 0 2 2 0 0 3 3 3 2 4 4 4 2 2 1 0 0 
524 30 [ 523 ] 3 140 3 2 2 2 0 0 0 0 3 2 2 0 4 2 2 1 4 3 3 2 4 2 0 0 0 0 0 0 3 2 0 0 0 0 0 0 0 0 0 0 
525 30 [ ] 1 150 3 0 0 0 4 0 0 0 2 1 1 1 4 4 4 4 4 3 3 2 2 2 1 0 3 0 0 0 2 1 1 0 4 4 3 0 3 0 0 0 
526 120 [ ] 2 210 0 0 0 0 2 2 1 0 0 0 0 0 5 3 0 0 0 0 0 0 0 0 0 0 0 0 0 0 0 0 0 0 0 0 0 0 0 0 0 0 
527 120 [ 526 ] 2 210 0 0 0 0 2 2 1 0 0 0 0 0 5 3 0 0 0 0 0 0 0 0 0 0 0 0 0 0 0 0 0 0 0 0 0 0 0 0 0 0 
528 120 [ 527 ] 2 210 0 0 0 0 2 2 1 0 0 0 0 0 5 3 0 0 0 0 0 0 0 0 0 0 0 0 0 0 0 0 0 0 0 0 0 0 0 0 0 0 
529 120 [ ] 4 100 3 0 0 0 0 0 0 0 3 3 0 0 0 0 0 0 0 0 0 0 0 0 0 0 0 0 0 0 0 0 0 0 4 1 0 0 2 0 0 0 
530 120 [ 529 ] 4 100 3 0 0 0 0 0 0 0 3 3 0 0 0 0 0 0 0 0 0 0 0 0 0 0 0 0 0 0 0 0 0 0 4 1 0 0 2 0 0 0 
531 30 [ ] 4 210 0 0 0 0 0 0 0 0 4 3 2 1 0 0 0 0 3 2 1 0 0 0 0 0 3 3 2 2 0 0 0 0 0 0 0 0 0 0 0 0 
532 30 [ ] 4 50 0 0 0 0 3 3 2 1 0 0 0 0 2 1 1 0 0 0 0 0 2 0 0 0 4 3 2 0 4 4 3 1 3 1 1 0 0 0 0 0 
533 90 [ 532 ] 4 30 0 0 0 0 0 0 0 0 0 0 0 0 0 0 0 0 0 0 0 0 2 1 0 0 0 0 0 0 0 0 0 0 0 0 0 0 0 0 0 0 
534 30 [ ] 1 150 4 0 0 0 4 0 0 0 0 0 0 0 4 0 0 0 3 0 0 0 4 0 0 0 2 2 2 1 0 0 0 0 3 3 2 0 2 1 0 0 
535 30 [ ] 2 140 2 2 0 0 4 3 0 0 2 2 1 1 0 0 0 0 4 0 0 0 3 3 2 0 4 3 2 2 4 3 3 1 1 1 1 1 4 0 0 0 
536 120 [ 535 ] 2 30 4 0 0 0 3 3 3 0 0 0 0 0 4 4 3 0 3 0 0 0 3 2 2 1 0 0 0 0 2 1 0 0 4 3 0 0 4 4 2 0 
537 120 [ 536 ] 2 30 4 0 0 0 3 3 3 0 0 0 0 0 4 4 3 0 3 0 0 0 3 2 2 1 0 0 0 0 2 1 0 0 4 3 0 0 4 4 2 0 
538 120 [ ] 3 50 4 4 4 4 0 0 0 0 0 0 0 0 3 0 0 0 0 0 0 0 2 2 1 0 0 0 0 0 2 1 0 0 0 0 0 0 0 0 0 0 
539 90 [ 538 ] 3 50 4 3 2 0 3 3 0 0 0 0 0 0 4 3 3 0 4 3 2 0 0 0 0 0 4 2 1 0 3 0 0 0 3 3 2 0 5 4 0 0 
540 30 [ 539 ] 3 100 0 0 0 0 0 0 0 0 0 0 0 0 0 0 0 0 0 0 0 0 2 2 2 1 0 0 0 0 0 0 0 0 2 2 0 0 0 0 0 0 
541 120 [ ] 2 50 3 3 1 1 3 2 2 0 0 0 0 0 0 0 0 0 0 0 0 0 0 0 0 0 0 0 0 0 4 0 0 0 3 2 1 1 4 2 2 2 
542 120 [ ] 2 70 0 0 0 0 0 0 0 0 0 0 0 0 1 0 0 0 0 0 0 0 0 0 0 0 0 0 0 0 2 2 1 1 0 0 0 0 0 0 0 0 
543 120 [ 542 ] 2 70 0 0 0 0 0 0 0 0 0 0 0 0 1 0 0 0 0 0 0 0 0 0 0 0 0 0 0 0 2 2 1 1 0 0 0 0 0 0 0 0 
544 120 [ 543 ] 2 70 0 0 0 0 0 0 0 0 0 0 0 0 1 0 0 0 0 0 0 0 0 0 0 0 0 0 0 0 2 2 1 1 0 0 0 0 0 0 0 0 
545 30 [ ] 4 150 3 2 0 0 2 0 0 0 2 2 1 0 2 2 1 1 3 2 2 2 3 3 3 2 2 1 1 0 4 4 2 0 2 2 0 0 3 0 0 0 
546 30 [ ] 1 140 3 2 0 0 3 3 3 0 1 0 0 0 4 4 1 1 4 4 4 2 2 0 0 0 0 0 0 0 2 0 0 0 3 3 3 2 4 0 0 0 
547 30 [ 546 ] 3 50 4 3 2 2 0 0 0 0 0 0 0 0 2 1 1 1 0 0 0 0 0 0 0 0 0 0 0 0 0 0 0 0 0 0 0 0 0 0 0 0 
548 120 [ ] 3 50 3 2 2 1 4 2 2 2 4 4 0 0 0 0 0 0 2 1 1 1 3 3 1 1 0 0 0 0 0 0 0 0 0 0 0 0 4 0 0 0 
549 120 [ ] 3 140 2 2 2 1 2 0 0 0 2 0 0 0 0 0 0 0 5 5 4 3 0 0 0 0 2 0 0 0 0 0 0 0 0 0 0 0 0 0 0 0 
550 120 [ 549 ] 3 140 2 2 2 1 2 0 0 0 2 0 0 0 0 0 0 0 5 5 4 3 0 0 0 0 2 0 0 0 0 0 0 0 0 0 0 0 0 0 0 0 
551 30 [ ] 1 150 0 0 0 0 0 0 0 0 0 0 0 0 0 0 0 0 0 0 0 0 3 3 1 0 3 3 0 0 0 0 0 0 0 0 0 0 0 0 0 0 
552 120 [ 551 ] 4 140 2 1 1 0 0 0 0 0 0 0 0 0 0 0 0 0 2 2 1 0 0 0 0 0 4 3 0 0 0 0 0 0 3 0 0 0 0 0 0 0 
553 30 [ ] 3 30 0 0 0 0 3 1 0 0 0 0 0 0 2 2 2 1 2 1 1 0 3 2 0 0 0 0 0 0 2 2 1 0 0 0 0 0 2 2 1 1 
554 120 [ ] 2 210 0 0 0 0 0 0 0 0 0 0 0 0 0 0 0 0 0 0 0 0 2 2 1 1 0 0 0 0 0 0 0 0 0 0 0 0 0 0 0 0 
555 30 [ 554 ] 3 50 3 3 0 0 3 0 0 0 2 2 0 0 0 0 0 0 2 1 0 0 2 2 0 0 2 1 0 0 0 0 0 0 3 0 0 0 5 0 0 0 
556 120 [ 555 ] 3 100 3 2 1 1 3 2 1 0 2 2 2 1 2 0 0 0 2 1 1 1 4 4 4 1 2 2 2 0 4 3 2 1 4 0 0 0 4 0 0 0 
557 120 [ 556 ] 3 100 3 2 1 1 3 2 1 0 2 2 2 1 2 0 0 0 2 1 1 1 4 4 4 1 2 2 2 0 4 3 2 1 4 0 0 0 4 0 0 0 
558 120 [ 557 ] 3 100 3 2 1 1 3 2 1 0 2 2 2 1 2 0 0 0 2 1 1 1 4 4 4 1 2 2 2 0 4 3 2 1 4 0 0 0 4 0 0 0 
559 120 [ 558 ] 3 100 3 2 1 1 3 2 1 0 2 2 2 1 2 0 0 0 2 1 1 1 4 4 4 1 2 2 2 0 4 3 2 1 4 0 0 0 4 0 0 0 
560 120 [ ] 3 150 0 0 0 0 0 0 0 0 3 3 0 0 0 0 0 0 0 0 0 0 3 3 0 0 4 3 1 0 0 0 0 0 0 0 0 0 2 1 0 0 
561 120 [ 560 ] 3 150 0 0 0 0 0 0 0 0 3 3 0 0 0 0 0 0 0 0 0 0 3 3 0 0 4 3 1 0 0 0 0 0 0 0 0 0 2 1 0 0 
562 120 [ 561 ] 3 150 0 0 0 0 0 0 0 0 3 3 0 0 0 0 0 0 0 0 0 0 3 3 0 0 4 3 1 0 0 0 0 0 0 0 0 0 2 1 0 0 
563 120 [ ] 4 90 2 0 0 0 3 2 0 0 0 0 0 0 2 1 1 0 2 2 0 0 2 0 0 0 2 2 0 0 2 0 0 0 2 2 2 1 3 0 0 0 
564 120 [ 563 ] 4 90 2 0 0 0 3 2 0 0 0 0 0 0 2 1 1 0 2 2 0 0 2 0 0 0 2 2 0 0 2 0 0 0 2 2 2 1 3 0 0 0 
565 30 [ 564 ] 4 100 0 0 0 0 4 3 2 1 0 0 0 0 2 2 1 1 0 0 0 0 0 0 0 0 2 2 2 1 0 0 0 0 3 3 3 2 3 2 2 2 
566 120 [ ] 2 60 2 1 1 0 3 0 0 0 5 0 0 0 3 3 3 2 0 0 0 0 0 0 0 0 4 1 0 0 2 0 0 0 3 1 0 0 3 0 0 0 
567 120 [ 566 ] 2 60 2 1 1 0 3 0 0 0 5 0 0 0 3 3 3 2 0 0 0 0 0 0 0 0 4 1 0 0 2 0 0 0 3 1 0 0 3 0 0 0 
568 30 [ 567 ] 2 210 0 0 0 0 1 1 0 0 0 0 0 0 0 0 0 0 2 0 0 0 3 3 3 3 4 0 0 0 4 0 0 0 0 0 0 0 3 1 1 0 
569 30 [ 568 ] 2 70 4 4 4 2 0 0 0 0 0 0 0 0 0 0 0 0 0 0 0 0 0 0 0 0 0 0 0 0 0 0 0 0 0 0 0 0 0 0 0 0 
570 30 [ ] 4 70 0 0 0 0 0 0 0 0 0 0 0 0 0 0 0 0 0 0 0 0 3 3 2 1 0 0 0 0 0 0 0 0 0 0 0 0 0 0 0 0 
571 120 [ 570 ] 4 100 4 4 0 0 0 0 0 0 0 0 0 0 3 0 0 0 1 0 0 0 4 0 0 0 4 0 0 0 0 0 0 0 0 0 0 0 2 2 0 0 
572 120 [ 571 ] 4 100 4 4 0 0 0 0 0 0 0 0 0 0 3 0 0 0 1 0 0 0 4 0 0 0 4 0 0 0 0 0 0 0 0 0 0 0 2 2 0 0 
573 120 [ 572 ] 4 100 4 4 0 0 0 0 0 0 0 0 0 0 3 0 0 0 1 0 0 0 4 0 0 0 4 0 0 0 0 0 0 0 0 0 0 0 2 2 0 0 
574 120 [ 573 ] 4 140 3 3 2 1 3 1 0 0 3 3 3 2 2 2 2 0 0 0 0 0 4 3 3 2 0 0 0 0 2 2 2 2 3 2 0 0 2 2 0 0 
575 120 [ 574 ] 4 140 3 3 2 1 3 1 0 0 3 3 3 2 2 2 2 0 0 0 0 0 4 3 3 2 0 0 0 0 2 2 2 2 3 2 0 0 2 2 0 0 
576 120 [ 575 ] 4 140 3 3 2 1 3 1 0 0 3 3 3 2 2 2 2 0 0 0 0 0 4 3 3 2 0 0 0 0 2 2 2 2 3 2 0 0 2 2 0 0 
577 30 [ ] 3 60 0 0 0 0 3 2 2 2 0 0 0 0 0 0 0 0 0 0 0 0 0 0 0 0 0 0 0 0 0 0 0 0 2 2 2 0 0 0 0 0 
578 120 [ ] 3 30 2 2 1 0 0 0 0 0 2 2 1 0 0 0 0 0 4 0 0 0 0 0 0 0 0 0 0 0 3 0 0 0 0 0 0 0 0 0 0 0 
579 120 [ 578 ] 3 30 2 2 1 0 0 0 0 0 2 2 1 0 0 0 0 0 4 0 0 0 0 0 0 0 0 0 0 0 3 0 0 0 0 0 0 0 0 0 0 0 
580 120 [ 579 ] 3 30 2 2 1 0 0 0 0 0 2 2 1 0 0 0 0 0 4 0 0 0 0 0 0 0 0 0 0 0 3 0 0 0 0 0 0 0 0 0 0 0 
581 120 [ 580 ] 3 30 2 2 1 0 0 0 0 0 2 2 1 0 0 0 0 0 4 0 0 0 0 0 0 0 0 0 0 0 3 0 0 0 0 0 0 0 0 0 0 0 
582 90 [ ] 1 150 3 3 3 3 1 1 1 0 2 0 0 0 3 3 2 2 2 2 1 0 2 2 2 0 0 0 0 0 4 1 0 0 0 0 0 0 4 2 2 0 
583 120 [ ] 4 100 0 0 0 0 0 0 0 0 2 2 2 2 0 0 0 0 0 0 0 0 4 0 0 0 0 0 0 0 0 0 0 0 0 0 0 0 0 0 0 0 
584 120 [ 583 ] 4 100 0 0 0 0 0 0 0 0 2 2 2 2 0 0 0 0 0 0 0 0 4 0 0 0 0 0 0 0 0 0 0 0 0 0 0 0 0 0 0 0 
585 120 [ 584 ] 4 100 0 0 0 0 0 0 0 0 2 2 2 2 0 0 0 0 0 0 0 0 4 0 0 0 0 0 0 0 0 0 0 0 0 0 0 0 0 0 0 0 
586 120 [ 585 ] 4 90 0 0 0 0 4 1 0 0 3 0 0 0 0 0 0 0 4 4 2 0 0 0 0 0 0 0 0 0 1 1 0 0 0 0 0 0 4 0 0 0 
587 120 [ 586 ] 4 90 0 0 0 0 4 1 0 0 3 0 0 0 0 0 0 0 4 4 2 0 0 0 0 0 0 0 0 0 1 1 0 0 0 0 0 0 4 0 0 0 
588 120 [ 587 ] 4 90 0 0 0 0 4 1 0 0 3 0 0 0 0 0 0 0 4 4 2 0 0 0 0 0 0 0 0 0 1 1 0 0 0 0 0 0 4 0 0 0 
589 90 [ ] 3 100 0 0 0 0 4 0 0 0 0 0 0 0 2 2 2 0 0 0 0 0 0 0 0 0 0 0 0 0 0 0 0 0 0 0 0 0 0 0 0 0 
590 30 [ ] 4 210 0 0 0 0 0 0 0 0 0 0 0 0 0 0 0 0 0 0 0 0 4 0 0 0 0 0 0 0 0 0 0 0 0 0 0 0 4 3 2 1 
591 120 [ ] 3 210 2 2 1 0 4 0 0 0 2 1 0 0 0 0 0 0 2 2 2 2 4 4 4 3 2 1 1 1 4 3 0 0 4 0 0 0 3 2 2 0 
592 120 [ 591 ] 3 210 2 2 1 0 4 0 0 0 2 1 0 0 0 0 0 0 2 2 2 2 4 4 4 3 2 1 1 1 4 3 0 0 4 0 0 0 3 2 2 0 
593 120 [ 592 ] 3 210 2 2 1 0 4 0 0 0 2 1 0 0 0 0 0 0 2 2 2 2 4 4 4 3 2 1 1 1 4 3 0 0 4 0 0 0 3 2 2 0 
594 120 [ 593 ] 3 210 2 2 1 0 4 0 0 0 2 1 0 0 0 0 0 0 2 2 2 2 4 4 4 3 2 1 1 1 4 3 0 0 4 0 0 0 3 2 2 0 
595 120 [ ] 4 210 2 2 2 1 0 0 0 0 3 0 0 0 0 0 0 0 0 0 0 0 2 1 1 0 0 0 0 0 3 0 0 0 0 0 0 0 1 0 0 0 
596 120 [ ] 1 170 4 1 1 0 0 0 0 0 0 0 0 0 3 2 0 0 0 0 0 0 0 0 0 0 5 0 0 0 0 0 0 0 4 4 3 0 0 0 0 0 
597 120 [ 596 ] 1 170 4 1 1 0 0 0 0 0 0 0 0 0 3 2 0 0 0 0 0 0 0 0 0 0 5 0 0 0 0 0 0 0 4 4 3 0 0 0 0 0 
598 120 [ 597 ] 1 170 4 1 1 0 0 0 0 0 0 0 0 0 3 2 0 0 0 0 0 0 0 0 0 0 5 0 0 0 0 0 0 0 4 4 3 0 0 0 0 0 
599 30 [ ] 3 60 0 0 0 0 0 0 0 0 4 4 3 0 0 0 0 0 0 0 0 0 0 0 0 0 0 0 0 0 2 1 1 0 0 0 0 0 0 0 0 0 
600 30 [ ] 2 70 4 3 2 1 0 0 0 0 0 0 0 0 0 0 0 0 0 0 0 0 0 0 0 0 0 0 0 0 0 0 0 0 0 0 0 0 2 1 1 0 
601 30 [ 600 ] 2 140 3 0 0 0 2 2 1 0 4 0 0 0 4 2 2 1 3 2 0 0 2 2 0 0 3 0 0 0 4 4 4 2 1 0 0 0 2 0 0 0 
602 30 [ ] 2 60 0 0 0 0 0 0 0 0 0 0 0 0 0 0 0 0 2 2 2 1 3 0 0 0 3 3 0 0 0 0 0 0 2 1 1 0 0 0 0 0 
603 120 [ ] 3 210 0 0 0 0 0 0 0 0 3 3 3 2 3 1 1 0 0 0 0 0 0 0 0 0 2 2 2 0 0 0 0 0 0 0 0 0 3 1 1 1 
604 120 [ 603 ] 3 210 0 0 0 0 0 0 0 0 3 3 3 2 3 1 1 0 0 0 0 0 0 0 0 0 2 2 2 0 0 0 0 0 0 0 0 0 3 1 1 1 
605 120 [ ] 2 140 0 0 0 0 0 0 0 0 2 2 2 0 0 0 0 0 0 0 0 0 0 0 0 0 0 0 0 0 2 1 1 1 0 0 0 0 0 0 0 0 
606 120 [ 605 ] 2 140 0 0 0 0 0 0 0 0 2 2 2 0 0 0 0 0 0 0 0 0 0 0 0 0 0 0 0 0 2 1 1 1 0 0 0 0 0 0 0 0 
607 30 [ ] 2 100 0 0 0 0 2 2 1 1 0 0 0 0 0 0 0 0 0 0 0 0 0 0 0 0 3 0 0 0 0 0 0 0 3 0 0 0 0 0 0 0 
608 90 [ ] 2 150 4 3 2 2 4 0 0 0 4 0 0 0 3 0 0 0 3 0 0 0 5 5 1 1 2 0 0 0 2 1 0 0 0 0 0 0 2 2 2 1 
609 120 [ ] 3 140 0 0 0 0 0 0 0 0 4 3 3 2 0 0 0 0 3 0 0 0 0 0 0 0 1 1 1 0 3 0 0 0 0 0 0 0 0 0 0 0 
610 120 [ 609 ] 3 140 0 0 0 0 0 0 0 0 4 3 3 2 0 0 0 0 3 0 0 0 0 0 0 0 1 1 1 0 3 0 0 0 0 0 0 0 0 0 0 0 
611 120 [ 610 ] 3 140 0 0 0 0 0 0 0 0 4 3 3 2 0 0 0 0 3 0 0 0 0 0 0 0 1 1 1 0 3 0 0 0 0 0 0 0 0 0 0 0 
612 90 [ 611 ] 3 100 0 0 0 0 3 2 1 0 0 0 0 0 0 0 0 0 0 0 0 0 4 2 0 0 0 0 0 0 0 0 0 0 0 0 0 0 0 0 0 0 
613 30 [ ] 1 150 5 2 0 0 3 3 0 0 4 3 3 0 4 0 0 0 3 3 0 0 0 0 0 0 0 0 0 0 2 0 0 0 2 2 2 0 4 0 0 0 
614 90 [ 613 ] 2 30 2 2 2 1 2 2 0 0 0 0 0 0 2 0 0 0 3 2 2 1 3 2 2 0 3 2 0 0 2 1 1 1 0 0 0 0 3 3 1 1 
615 120 [ 614 ] 3 90 0 0 0 0 4 2 0 0 4 2 0 0 2 1 1 1 2 1 1 0 0 0 0 0 2 2 1 1 0 0 0 0 0 0 0 0 3 1 0 0 
616 120 [ 615 ] 3 90 0 0 0 0 4 2 0 0 4 2 0 0 2 1 1 1 2 1 1 0 0 0 0 0 2 2 1 1 0 0 0 0 0 0 0 0 3 1 0 0 
617 120 [ 616 ] 3 90 0 0 0 0 4 2 0 0 4 2 0 0 2 1 1 1 2 1 1 0 0 0 0 0 2 2 1 1 0 0 0 0 0 0 0 0 3 1 0 0 
618 120 [ 617 ] 3 90 0 0 0 0 4 2 0 0 4 2 0 0 2 1 1 1 2 1 1 0 0 0 0 0 2 2 1 1 0 0 0 0 0 0 0 0 3 1 0 0 
619 30 [ ] 2 50 0 0 0 0 0 0 0 0 0 0 0 0 4 2 1 0 0 0 0 0 0 0 0 0 0 0 0 0 0 0 0 0 2 2 2 1 0 0 0 0 
620 30 [ ] 3 100 0 0 0 0 3 2 0 0 0 0 0 0 0 0 0 0 0 0 0 0 0 0 0 0 4 0 0 0 0 0 0 0 0 0 0 0 0 0 0 0 
621 30 [ ] 4 140 0 0 0 0 0 0 0 0 0 0 0 0 4 3 0 0 2 0 0 0 0 0 0 0 0 0 0 0 0 0 0 0 0 0 0 0 0 0 0 0 
622 120 [ 621 ] 4 150 0 0 0 0 0 0 0 0 4 0 0 0 0 0 0 0 0 0 0 0 0 0 0 0 0 0 0 0 3 1 1 1 0 0 0 0 0 0 0 0 
623 120 [ 622 ] 4 150 0 0 0 0 0 0 0 0 4 0 0 0 0 0 0 0 0 0 0 0 0 0 0 0 0 0 0 0 3 1 1 1 0 0 0 0 0 0 0 0 
624 120 [ 623 ] 4 150 0 0 0 0 0 0 0 0 4 0 0 0 0 0 0 0 0 0 0 0 0 0 0 0 0 0 0 0 3 1 1 1 0 0 0 0 0 0 0 0 
625 120 [ 624 ] 4 150 0 0 0 0 0 0 0 0 4 0 0 0 0 0 0 0 0 0 0 0 0 0 0 0 0 0 0 0 3 1 1 1 0 0 0 0 0 0 0 0 
626 30 [ ] 4 70 0 0 0 0 0 0 0 0 4 0 0 0 0 0 0 0 0 0 0 0 0 0 0 0 3 2 0 0 0 0 0 0 0 0 0 0 0 0 0 0 
627 120 [ ] 4 90 0 0 0 0 0 0 0 0 3 0 0 0 0 0 0 0 0 0 0 0 0 0 0 0 4 2 0 0 0 0 0 0 4 4 3 3 0 0 0 0 
628 120 [ ] 2 50 0 0 0 0 2 2 1 0 0 0 0 0 0 0 0 0 0 0 0 0 0 0 0 0 0 0 0 0 3 3 2 1 4 4 3 0 0 0 0 0 
629 120 [ ] 3 90 4 0 0 0 2 2 1 1 4 3 0 0 3 3 3 2 2 0 0 0 4 1 0 0 4 3 2 0 2 0 0 0 3 0 0 0 0 0 0 0 
630 30 [ 629 ] 3 50 2 1 1 0 3 3 2 1 3 0 0 0 2 2 1 1 4 2 0 0 3 0 0 0 4 4 2 1 4 4 0 0 2 0 0 0 2 0 0 0 
631 30 [ 630 ] 3 50 0 0 0 0 2 0 0 0 0 0 0 0 0 0 0 0 5 0 0 0 4 0 0 0 0 0 0 0 0 0 0 0 0 0 0 0 0 0 0 0 
632 120 [ 631 ] 3 60 4 3 1 0 3 3 3 1 4 2 1 1 2 1 1 0 0 0 0 0 2 2 1 0 3 1 1 0 3 0 0 0 4 3 2 2 5 4 0 0 
633 30 [ ] 2 100 0 0 0 0 0 0 0 0 3 0 0 0 0 0 0 0 0 0 0 0 4 2 2 0 3 1 0 0 3 3 1 0 2 2 2 0 0 0 0 0 
634 30 [ ] 2 210 0 0 0 0 0 0 0 0 2 1 0 0 2 2 1 0 2 1 0 0 0 0 0 0 3 2 2 0 0 0 0 0 0 0 0 0 0 0 0 0 
635 30 [ 634 ] 4 210 0 0 0 0 0 0 0 0 0 0 0 0 0 0 0 0 3 0 0 0 0 0 0 0 0 0 0 0 3 0 0 0 3 1 0 0 0 0 0 0 
636 30 [ 635 ] 4 100 4 4 1 0 0 0 0 0 2 0 0 0 0 0 0 0 0 0 0 0 0 0 0 0 0 0 0 0 0 0 0 0 0 0 0 0 0 0 0 0 
637 120 [ 636 ] 4 100 0 0 0 0 4 1 0 0 0 0 0 0 2 0 0 0 3 0 0 0 3 0 0 0 2 0 0 0 0 0 0 0 0 0 0 0 5 4 0 0 
638 120 [ 637 ] 4 100 0 0 0 0 4 1 0 0 0 0 0 0 2 0 0 0 3 0 0 0 3 0 0 0 2 0 0 0 0 0 0 0 0 0 0 0 5 4 0 0 
639 120 [ 638 ] 4 100 0 0 0 0 4 1 0 0 0 0 0 0 2 0 0 0 3 0 0 0 3 0 0 0 2 0 0 0 0 0 0 0 0 0 0 0 5 4 0 0 
640 30 [ ] 2 50 4 4 2 0 4 2 0 0 0 0 0 0 0 0 0 0 0 0 0 0 0 0 0 0 0 0 0 0 3 2 1 1 0 0 0 0 2 2 2 1 
641 120 [ ] 1 150 0 0 0 0 2 2 1 0 0 0 0 0 0 0 0 0 0 0 0 0 0 0 0 0 0 0 0 0 0 0 0 0 0 0 0 0 0 0 0 0 
642 120 [ 641 ] 4 50 0 0 0 0 2 0 0 0 2 1 1 0 0 0 0 0 0 0 0 0 0 0 0 0 0 0 0 0 3 3 1 0 0 0 0 0 0 0 0 0 
643 90 [ ] 2 150 3 0 0 0 2 0 0 0 2 2 1 0 1 1 1 0 4 3 0 0 4 0 0 0 4 0 0 0 4 0 0 0 3 3 0 0 3 2 1 0 
644 30 [ 643 ] 3 210 3 1 1 0 0 0 0 0 3 3 1 0 0 0 0 0 4 0 0 0 2 2 1 1 3 0 0 0 2 2 1 1 3 3 3 0 4 0 0 0 
645 30 [ ] 4 100 3 2 2 0 2 1 0 0 0 0 0 0 3 0 0 0 4 2 0 0 3 1 0 0 4 1 0 0 3 1 0 0 4 0 0 0 0 0 0 0 
646 30 [ ] 3 50 3 0 0 0 4 4 4 3 4 3 0 0 4 0 0 0 4 3 2 2 0 0 0 0 3 2 2 1 2 2 2 0 2 2 0 0 0 0 0 0 
647 30 [ ] 2 70 2 0 0 0 4 3 3 3 4 2 1 1 2 2 2 1 4 0 0 0 2 0 0 0 3 2 2 0 2 1 1 0 2 0 0 0 0 0 0 0 
648 30 [ ] 4 140 0 0 0 0 0 0 0 0 0 0 0 0 0 0 0 0 0 0 0 0 0 0 0 0 2 2 2 1 3 1 0 0 0 0 0 0 0 0 0 0 
649 90 [ ] 1 150 0 0 0 0 3 0 0 0 0 0 0 0 0 0 0 0 0 0 0 0 0 0 0 0 0 0 0 0 0 0 0 0 4 0 0 0 0 0 0 0 
650 90 [ 649 ] 3 150 2 2 2 0 3 1 1 0 0 0 0 0 4 2 1 1 4 3 0 0 4 3 3 2 2 2 2 1 2 2 1 0 2 2 2 0 2 0 0 0 
651 120 [ 650 ] 4 100 0 0 0 0 0 0 0 0 4 3 1 0 3 3 2 1 3 2 1 0 0 0 0 0 4 0 0 0 4 3 3 3 3 2 1 1 2 0 0 0 
652 120 [ 651 ] 4 100 0 0 0 0 0 0 0 0 4 3 1 0 3 3 2 1 3 2 1 0 0 0 0 0 4 0 0 0 4 3 3 3 3 2 1 1 2 0 0 0 
653 30 [ 652 ] 4 60 2 0 0 0 4 4 0 0 2 0 0 0 5 3 2 0 0 0 0 0 0 0 0 0 3 0 0 0 4 3 2 2 4 0 0 0 0 0 0 0 
654 120 [ ] 3 100 0 0 0 0 0 0 0 0 2 1 0 0 0 0 0 0 0 0 0 0 3 2 1 0 0 0 0 0 0 0 0 0 4 0 0 0 3 2 0 0 
655 30 [ ] 4 30 0 0 0 0 0 0 0 0 0 0 0 0 0 0 0 0 0 0 0 0 0 0 0 0 0 0 0 0 4 4 3 1 4 2 0 0 0 0 0 0 
656 120 [ 655 ] 4 90 2 0 0 0 2 0 0 0 0 0 0 0 0 0 0 0 2 2 2 2 0 0 0 0 0 0 0 0 2 2 0 0 0 0 0 0 4 0 0 0 
657 120 [ 656 ] 4 90 2 0 0 0 2 0 0 0 0 0 0 0 0 0 0 0 2 2 2 2 0 0 0 0 0 0 0 0 2 2 0 0 0 0 0 0 4 0 0 0 
658 120 [ 657 ] 4 90 2 0 0 0 2 0 0 0 0 0 0 0 0 0 0 0 2 2 2 2 0 0 0 0 0 0 0 0 2 2 0 0 0 0 0 0 4 0 0 0 
659 90 [ ] 2 210 2 2 0 0 2 1 1 1 0 0 0 0 3 0 0 0 2 1 1 0 3 2 0 0 4 3 3 0 0 0 0 0 0 0 0 0 4 4 2 2 
660 30 [ 659 ] 4 140 0 0 0 0 2 0 0 0 2 2 2 0 0 0 0 0 3 3 1 0 3 2 2 1 3 0 0 0 0 0 0 0 0 0 0 0 0 0 0 0 
661 90 [ ] 3 140 3 2 0 0 2 0 0 0 2 2 2 0 4 2 2 0 3 0 0 0 3 0 0 0 4 0 0 0 4 3 2 0 4 4 3 2 0 0 0 0 
662 30 [ 661 ] 4 50 0 0 0 0 3 3 0 0 2 1 0 0 0 0 0 0 4 0 0 0 4 2 0 0 0 0 0 0 0 0 0 0 0 0 0 0 0 0 0 0 
663 90 [ ] 3 140 4 4 1 0 0 0 0 0 3 3 3 3 4 2 0 0 3 2 2 1 3 0 0 0 2 2 0 0 2 2 2 2 0 0 0 0 2 0 0 0 
664 30 [ ] 2 30 2 0 0 0 2 0 0 0 4 2 0 0 2 1 1 1 2 0 0 0 2 1 0 0 0 0 0 0 4 0 0 0 3 0 0 0 4 2 2 0 
665 120 [ ] 4 210 4 4 3 2 0 0 0 0 0 0 0 0 0 0 0 0 0 0 0 0 0 0 0 0 0 0 0 0 0 0 0 0 2 2 1 0 0 0 0 0 
666 120 [ 665 ] 4 210 4 4 3 2 0 0 0 0 0 0 0 0 0 0 0 0 0 0 0 0 0 0 0 0 0 0 0 0 0 0 0 0 2 2 1 0 0 0 0 0 
667 120 [ 666 ] 4 210 4 4 3 2 0 0 0 0 0 0 0 0 0 0 0 0 0 0 0 0 0 0 0 0 0 0 0 0 0 0 0 0 2 2 1 0 0 0 0 0 
668 30 [ 667 ] 4 150 4 0 0 0 0 0 0 0 0 0 0 0 0 0 0 0 4 3 2 1 3 2 2 0 3 3 3 2 0 0 0 0 0 0 0 0 0 0 0 0 
669 120 [ 668 ] 4 90 5 5 4 2 0 0 0 0 0 0 0 0 0 0 0 0 0 0 0 0 0 0 0 0 0 0 0 0 0 0 0 0 0 0 0 0 0 0 0 0 
670 90 [ ] 1 130 0 0 0 0 2 0 0 0 2 2 0 0 0 0 0 0 0 0 0 0 0 0 0 0 0 0 0 0 0 0 0 0 0 0 0 0 0 0 0 0 
671 30 [ 670 ] 2 140 5 3 3 0 0 0 0 0 0 0 0 0 0 0 0 0 0 0 0 0 0 0 0 0 3 0 0 0 3 0 0 0 3 2 0 0 0 0 0 0 
672 120 [ 671 ] 3 90 4 1 0 0 0 0 0 0 2 1 1 1 0 0 0 0 4 3 1 0 0 0 0 0 3 1 0 0 3 0 0 0 3 1 0 0 2 2 2 1 
673 120 [ 672 ] 3 90 4 1 0 0 0 0 0 0 2 1 1 1 0 0 0 0 4 3 1 0 0 0 0 0 3 1 0 0 3 0 0 0 3 1 0 0 2 2 2 1 
674 120 [ 673 ] 3 90 4 1 0 0 0 0 0 0 2 1 1 1 0 0 0 0 4 3 1 0 0 0 0 0 3 1 0 0 3 0 0 0 3 1 0 0 2 2 2 1 
675 120 [ ] 4 140 0 0 0 0 3 2 1 1 0 0 0 0 3 2 2 1 2 2 2 1 4 4 3 0 2 2 2 1 2 2 1 1 2 2 2 1 4 3 3 2 
676 90 [ ] 1 130 4 3 2 2 3 2 2 2 4 1 0 0 4 3 0 0 2 0 0 0 2 2 0 0 2 1 1 1 3 3 2 1 3 2 0 0 4 0 0 0 
677 120 [ ] 3 210 3 1 0 0 4 2 2 0 4 2 0 0 4 2 0 0 0 0 0 0 4 3 0 0 0 0 0 0 0 0 0 0 2 0 0 0 3 1 0 0 
678 30 [ 677 ] 3 50 4 0 0 0 3 3 2 0 2 0 0 0 3 2 0 0 4 3 3 0 3 1 0 0 3 2 0 0 0 0 0 0 0 0 0 0 3 2 0 0 
679 30 [ 678 ] 3 100 4 3 2 0 2 2 1 1 3 2 1 1 2 1 0 0 0 0 0 0 3 0 0 0 3 0 0 0 4 3 0 0 2 2 0 0 0 0 0 0 
680 120 [ ] 1 210 0 0 0 0 0 0 0 0 3 0 0 0 4 0 0 0 2 0 0 0 4 3 3 0 4 2 0 0 4 3 3 2 4 0 0 0 3 0 0 0 
681 120 [ 680 ] 1 210 0 0 0 0 0 0 0 0 3 0 0 0 4 0 0 0 2 0 0 0 4 3 3 0 4 2 0 0 4 3 3 2 4 0 0 0 3 0 0 0 
682 120 [ ] 4 140 5 4 3 0 5 3 3 2 0 0 0 0 4 1 1 0 2 0 0 0 3 3 2 2 4 3 2 2 0 0 0 0 5 5 0 0 5 0 0 0 
683 120 [ 682 ] 4 140 5 4 3 0 5 3 3 2 0 0 0 0 4 1 1 0 2 0 0 0 3 3 2 2 4 3 2 2 0 0 0 0 5 5 0 0 5 0 0 0 
684 120 [ 683 ] 4 140 5 4 3 0 5 3 3 2 0 0 0 0 4 1 1 0 2 0 0 0 3 3 2 2 4 3 2 2 0 0 0 0 5 5 0 0 5 0 0 0 
685 30 [ ] 2 70 2 0 0 0 2 0 0 0 4 3 0 0 4 3 3 1 0 0 0 0 3 2 2 2 4 3 1 0 0 0 0 0 0 0 0 0 4 2 0 0 
686 120 [ ] 3 100 0 0 0 0 2 1 1 0 0 0 0 0 0 0 0 0 3 3 2 0 4 3 3 0 2 2 1 0 0 0 0 0 4 2 1 1 0 0 0 0 
687 120 [ 686 ] 3 100 0 0 0 0 2 1 1 0 0 0 0 0 0 0 0 0 3 3 2 0 4 3 3 0 2 2 1 0 0 0 0 0 4 2 1 1 0 0 0 0 
688 30 [ ] 3 150 3 1 0 0 0 0 0 0 3 0 0 0 4 3 3 2 0 0 0 0 0 0 0 0 4 2 0 0 3 2 0 0 0 0 0 0 1 1 0 0 
689 120 [ ] 4 30 4 0 0 0 4 0 0 0 0 0 0 0 0 0 0 0 0 0 0 0 4 4 3 3 4 2 0 0 0 0 0 0 0 0 0 0 4 3 3 0 
690 120 [ 689 ] 4 30 4 0 0 0 4 0 0 0 0 0 0 0 0 0 0 0 0 0 0 0 4 4 3 3 4 2 0 0 0 0 0 0 0 0 0 0 4 3 3 0 
691 120 [ 690 ] 4 30 4 0 0 0 4 0 0 0 0 0 0 0 0 0 0 0 0 0 0 0 4 4 3 3 4 2 0 0 0 0 0 0 0 0 0 0 4 3 3 0 
692 120 [ 691 ] 4 30 4 0 0 0 4 0 0 0 0 0 0 0 0 0 0 0 0 0 0 0 4 4 3 3 4 2 0 0 0 0 0 0 0 0 0 0 4 3 3 0 
693 30 [ ] 2 100 0 0 0 0 3 3 2 2 0 0 0 0 0 0 0 0 2 0 0 0 3 2 1 0 0 0 0 0 0 0 0 0 2 0 0 0 0 0 0 0 
694 120 [ ] 4 50 3 3 3 2 3 0 0 0 0 0 0 0 0 0 0 0 0 0 0 0 0 0 0 0 0 0 0 0 0 0 0 0 0 0 0 0 0 0 0 0 
695 30 [ ] 4 100 0 0 0 0 2 2 2 0 0 0 0 0 5 5 4 3 0 0 0 0 0 0 0 0 0 0 0 0 4 2 1 0 0 0 0 0 0 0 0 0 
696 120 [ ] 2 50 0 0 0 0 4 1 0 0 4 2 1 1 3 0 0 0 0 0 0 0 2 1 1 0 3 3 0 0 5 5 4 1 0 0 0 0 0 0 0 0 
697 120 [ 696 ] 2 50 0 0 0 0 4 1 0 0 4 2 1 1 3 0 0 0 0 0 0 0 2 1 1 0 3 3 0 0 5 5 4 1 0 0 0 0 0 0 0 0 
698 120 [ 697 ] 2 50 0 0 0 0 4 1 0 0 4 2 1 1 3 0 0 0 0 0 0 0 2 1 1 0 3 3 0 0 5 5 4 1 0 0 0 0 0 0 0 0 
699 120 [ 698 ] 2 50 0 0 0 0 4 1 0 0 4 2 1 1 3 0 0 0 0 0 0 0 2 1 1 0 3 3 0 0 5 5 4 1 0 0 0 0 0 0 0 0 
700 120 [ ] 4 210 0 0 0 0 0 0 0 0 0 0 0 0 0 0 0 0 0 0 0 0 4 4 4 2 0 0 0 0 0 0 0 0 0 0 0 0 0 0 0 0 
701 30 [ 700 ] 4 210 0 0 0 0 0 0 0 0 0 0 0 0 0 0 0 0 5 4 2 2 0 0 0 0 2 2 2 2 0 0 0 0 0 0 0 0 0 0 0 0 
702 30 [ ] 4 210 0 0 0 0 0 0 0 0 5 3 0 0 4 0 0 0 2 1 1 0 4 0 0 0 0 0 0 0 3 1 0 0 4 0 0 0 0 0 0 0 
703 30 [ ] 4 150 0 0 0 0 1 1 1 0 5 0 0 0 0 0 0 0 2 2 1 1 4 4 4 3 0 0 0 0 0 0 0 0 0 0 0 0 0 0 0 0 
704 30 [ ] 3 100 2 0 0 0 2 1 0 0 0 0 0 0 4 4 2 0 3 0 0 0 4 1 0 0 2 2 1 0 3 2 2 1 2 1 1 1 3 0 0 0 
705 30 [ ] 4 210 0 0 0 0 5 4 1 0 2 0 0 0 0 0 0 0 2 2 1 0 2 2 1 0 0 0 0 0 0 0 0 0 0 0 0 0 0 0 0 0 
706 90 [ 705 ] 4 150 0 0 0 0 0 0 0 0 0 0 0 0 0 0 0 0 0 0 0 0 2 0 0 0 0 0 0 0 0 0 0 0 0 0 0 0 0 0 0 0 
707 90 [ ] 3 90 0 0 0 0 0 0 0 0 3 2 1 0 4 4 3 3 2 1 0 0 4 2 0 0 5 0 0 0 4 3 0 0 2 1 1 0 2 1 1 0 
708 30 [ ] 2 50 0 0 0 0 0 0 0 0 2 2 0 0 0 0 0 0 0 0 0 0 0 0 0 0 0 0 0 0 4 0 0 0 0 0 0 0 0 0 0 0 
709 120 [ ] 2 100 3 2 0 0 0 0 0 0 3 2 2 0 0 0 0 0 0 0 0 0 4 4 2 2 2 1 0 0 4 3 2 2 0 0 0 0 3 2 0 0 
710 120 [ 709 ] 2 100 3 2 0 0 0 0 0 0 3 2 2 0 0 0 0 0 0 0 0 0 4 4 2 2 2 1 0 0 4 3 2 2 0 0 0 0 3 2 0 0 
711 120 [ 710 ] 2 100 3 2 0 0 0 0 0 0 3 2 2 0 0 0 0 0 0 0 0 0 4 4 2 2 2 1 0 0 4 3 2 2 0 0 0 0 3 2 0 0 
712 120 [ 711 ] 2 100 3 2 0 0 0 0 0 0 3 2 2 0 0 0 0 0 0 0 0 0 4 4 2 2 2 1 0 0 4 3 2 2 0 0 0 0 3 2 0 0 
713 120 [ 712 ] 3 50 0 0 0 0 0 0 0 0 0 0 0 0 4 2 0 0 2 2 2 0 0 0 0 0 3 0 0 0 0 0 0 0 0 0 0 0 0 0 0 0 
714 30 [ ] 4 100 0 0 0 0 0 0 0 0 0 0 0 0 2 0 0 0 0 0 0 0 0 0 0 0 0 0 0 0 0 0 0 0 2 2 0 0 0 0 0 0 
715 120 [ ] 2 140 0 0 0 0 4 3 2 0 0 0 0 0 0 0 0 0 0 0 0 0 0 0 0 0 0 0 0 0 0 0 0 0 2 0 0 0 0 0 0 0 
716 120 [ 715 ] 2 140 0 0 0 0 4 3 2 0 0 0 0 0 0 0 0 0 0 0 0 0 0 0 0 0 0 0 0 0 0 0 0 0 2 0 0 0 0 0 0 0 
717 120 [ 716 ] 2 50 4 0 0 0 4 0 0 0 2 1 0 0 3 3 2 0 4 0 0 0 0 0 0 0 1 1 1 1 3 1 1 1 3 3 0 0 4 4 2 2 
718 120 [ 717 ] 2 50 4 0 0 0 4 0 0 0 2 1 0 0 3 3 2 0 4 0 0 0 0 0 0 0 1 1 1 1 3 1 1 1 3 3 0 0 4 4 2 2 
719 120 [ 718 ] 2 50 4 0 0 0 4 0 0 0 2 1 0 0 3 3 2 0 4 0 0 0 0 0 0 0 1 1 1 1 3 1 1 1 3 3 0 0 4 4 2 2 
720 30 [ ] 3 70 0 0 0 0 3 2 0 0 0 0 0 0 0 0 0 0 3 2 0 0 0 0 0 0 0 0 0 0 4 2 0 0 0 0 0 0 4 0 0 0 
721 30 [ ] 4 210 0 0 0 0 0 0 0 0 0 0 0 0 0 0 0 0 0 0 0 0 0 0 0 0 0 0 0 0 4 3 2 1 0 0 0 0 0 0 0 0 
722 30 [ ] 3 210 0 0 0 0 0 0 0 0 0 0 0 0 4 2 1 0 0 0 0 0 0 0 0 0 0 0 0 0 2 1 0 0 3 1 1 0 0 0 0 0 
723 30 [ ] 2 50 0 0 0 0 3 0 0 0 0 0 0 0 0 0 0 0 3 3 2 2 0 0 0 0 0 0 0 0 0 0 0 0 0 0 0 0 0 0 0 0 
724 120 [ 723 ] 2 90 0 0 0 0 0 0 0 0 0 0 0 0 3 2 1 0 3 3 0 0 0 0 0 0 2 1 1 0 0 0 0 0 0 0 0 0 0 0 0 0 
725 120 [ 724 ] 2 90 0 0 0 0 0 0 0 0 0 0 0 0 3 2 1 0 3 3 0 0 0 0 0 0 2 1 1 0 0 0 0 0 0 0 0 0 0 0 0 0 
726 30 [ ] 2 140 0 0 0 0 0 0 0 0 0 0 0 0 0 0 0 0 0 0 0 0 3 0 0 0 4 0 0 0 0 0 0 0 0 0 0 0 0 0 0 0 
727 30 [ 726 ] 2 100 0 0 0 0 0 0 0 0 0 0 0 0 0 0 0 0 3 3 1 1 3 3 2 1 0 0 0 0 0 0 0 0 0 0 0 0 0 0 0 0 
728 30 [ ] 1 150 0 0 0 0 3 0 0 0 0 0 0 0 0 0 0 0 3 3 0 0 0 0 0 0 3 2 0 0 3 0 0 0 0 0 0 0 0 0 0 0 
729 30 [ ] 2 210 5 0 0 0 0 0 0 0 0 0 0 0 0 0 0 0 3 2 2 1 4 0 0 0 0 0 0 0 4 0 0 0 0 0 0 0 0 0 0 0 
730 30 [ 729 ] 2 50 0 0 0 0 0 0 0 0 0 0 0 0 4 4 3 0 0 0 0 0 0 0 0 0 3 2 1 0 4 0 0 0 4 3 0 0 4 4 0 0 
731 90 [ 730 ] 2 70 0 0 0 0 4 1 0 0 2 1 1 0 0 0 0 0 0 0 0 0 0 0 0 0 0 0 0 0 0 0 0 0 0 0 0 0 0 0 0 0 
732 120 [ ] 4 210 2 1 1 0 2 2 2 1 3 2 2 1 5 3 0 0 4 3 0 0 0 0 0 0 2 2 1 0 5 4 4 1 0 0 0 0 2 1 0 0 
733 120 [ 732 ] 4 210 2 1 1 0 2 2 2 1 3 2 2 1 5 3 0 0 4 3 0 0 0 0 0 0 2 2 1 0 5 4 4 1 0 0 0 0 2 1 0 0 
734 120 [ 733 ] 4 210 2 1 1 0 2 2 2 1 3 2 2 1 5 3 0 0 4 3 0 0 0 0 0 0 2 2 1 0 5 4 4 1 0 0 0 0 2 1 0 0 
735 30 [ ] 3 50 0 0 0 0 4 4 3 1 0 0 0 0 0 0 0 0 0 0 0 0 0 0 0 0 0 0 0 0 0 0 0 0 0 0 0 0 0 0 0 0 
736 120 [ ] 3 210 3 2 2 0 0 0 0 0 0 0 0 0 0 0 0 0 4 2 0 0 2 1 1 0 2 1 1 0 0 0 0 0 2 0 0 0 0 0 0 0 
737 90 [ ] 3 210 0 0 0 0 0 0 0 0 2 2 1 0 3 0 0 0 0 0 0 0 0 0 0 0 2 2 1 0 5 0 0 0 3 2 0 0 0 0 0 0 
738 30 [ ] 1 150 0 0 0 0 4 0 0 0 1 1 1 1 0 0 0 0 2 2 1 0 0 0 0 0 4 0 0 0 3 3 0 0 4 2 0 0 4 3 3 2 
739 120 [ ] 3 90 2 2 2 0 4 2 1 0 3 2 2 0 5 0 0 0 4 4 2 0 3 3 2 0 3 3 2 0 4 0 0 0 3 3 0 0 3 0 0 0 
740 120 [ 739 ] 3 90 2 2 2 0 4 2 1 0 3 2 2 0 5 0 0 0 4 4 2 0 3 3 2 0 3 3 2 0 4 0 0 0 3 3 0 0 3 0 0 0 
741 120 [ 740 ] 3 90 2 2 2 0 4 2 1 0 3 2 2 0 5 0 0 0 4 4 2 0 3 3 2 0 3 3 2 0 4 0 0 0 3 3 0 0 3 0 0 0 
742 30 [ 741 ] 3 50 2 1 1 0 3 3 2 0 2 2 2 0 5 5 0 0 1 1 1 1 0 0 0 0 2 2 0 0 3 3 2 0 4 4 0 0 4 0 0 0 
743 120 [ 742 ] 3 50 2 2 1 0 0 0 0 0 0 0 0 0 4 2 0 0 0 0 0 0 0 0 0 0 0 0 0 0 0 0 0 0 0 0 0 0 0 0 0 0 
744 120 [ 743 ] 3 50 2 2 1 0 0 0 0 0 0 0 0 0 4 2 0 0 0 0 0 0 0 0 0 0 0 0 0 0 0 0 0 0 0 0 0 0 0 0 0 0 
745 120 [ 744 ] 3 50 2 2 1 0 0 0 0 0 0 0 0 0 4 2 0 0 0 0 0 0 0 0 0 0 0 0 0 0 0 0 0 0 0 0 0 0 0 0 0 0 
746 120 [ 745 ] 3 50 2 2 1 0 0 0 0 0 0 0 0 0 4 2 0 0 0 0 0 0 0 0 0 0 0 0 0 0 0 0 0 0 0 0 0 0 0 0 0 0 
747 120 [ 746 ] 4 50 0 0 0 0 3 3 3 2 0 0 0 0 3 0 0 0 4 4 3 0 0 0 0 0 0 0 0 0 4 0 0 0 0 0 0 0 0 0 0 0 
748 120 [ ] 3 90 1 0 0 0 3 3 3 1 0 0 0 0 0 0 0 0 0 0 0 0 5 3 0 0 0 0 0 0 3 0 0 0 3 1 0 0 0 0 0 0 
749 30 [ ] 2 100 3 2 2 1 3 0 0 0 4 0 0 0 0 0 0 0 0 0 0 0 3 3 2 2 0 0 0 0 3 3 2 1 2 0 0 0 3 0 0 0 
750 30 [ 749 ] 3 150 2 2 1 0 3 0 0 0 0 0 0 0 0 0 0 0 4 1 1 1 2 1 1 0 4 0 0 0 3 3 2 0 0 0 0 0 1 1 1 1 
751 30 [ 750 ] 3 70 0 0 0 0 0 0 0 0 4 0 0 0 0 0 0 0 0 0 0 0 0 0 0 0 0 0 0 0 0 0 0 0 0 0 0 0 3 3 2 0 
752 90 [ ] 2 150 0 0 0 0 0 0 0 0 0 0 0 0 0 0 0 0 0 0 0 0 0 0 0 0 3 0 0 0 0 0 0 0 0 0 0 0 0 0 0 0 
753 30 [ ] 3 210 0 0 0 0 0 0 0 0 4 4 3 1 0 0 0 0 0 0 0 0 0 0 0 0 0 0 0 0 0 0 0 0 3 3 3 3 0 0 0 0 
754 90 [ ] 1 130 0 0 0 0 2 2 1 1 4 2 0 0 3 3 0 0 0 0 0 0 2 0 0 0 3 0 0 0 0 0 0 0 0 0 0 0 2 1 1 1 
755 120 [ ] 1 150 3 2 1 0 0 0 0 0 3 2 0 0 2 0 0 0 4 0 0 0 0 0 0 0 0 0 0 0 0 0 0 0 0 0 0 0 2 2 2 1 
756 30 [ ] 3 70 3 1 1 0 3 2 0 0 3 0 0 0 2 0 0 0 2 0 0 0 3 2 1 1 2 1 1 1 5 2 0 0 3 0 0 0 3 2 0 0 
757 30 [ 756 ] 3 150 2 1 1 0 4 4 2 0 4 0 0 0 3 0 0 0 4 3 2 2 2 2 0 0 4 3 2 0 0 0 0 0 4 3 1 0 2 1 1 0 
758 30 [ 757 ] 4 60 0 0 0 0 0 0 0 0 2 1 1 0 0 0 0 0 0 0 0 0 0 0 0 0 0 0 0 0 0 0 0 0 0 0 0 0 0 0 0 0 
759 30 [ ] 3 70 0 0 0 0 2 2 1 1 0 0 0 0 0 0 0 0 0 0 0 0 0 0 0 0 0 0 0 0 4 3 0 0 0 0 0 0 0 0 0 0 
760 120 [ 759 ] 4 210 3 0 0 0 0 0 0 0 0 0 0 0 3 0 0 0 2 2 1 0 2 0 0 0 2 1 0 0 2 1 0 0 4 0 0 0 2 2 0 0 
761 120 [ 760 ] 4 210 3 0 0 0 0 0 0 0 0 0 0 0 3 0 0 0 2 2 1 0 2 0 0 0 2 1 0 0 2 1 0 0 4 0 0 0 2 2 0 0 
762 120 [ 761 ] 4 210 3 0 0 0 0 0 0 0 0 0 0 0 3 0 0 0 2 2 1 0 2 0 0 0 2 1 0 0 2 1 0 0 4 0 0 0 2 2 0 0 
763 30 [ 762 ] 4 140 5 0 0 0 0 0 0 0 2 2 0 0 0 0 0 0 0 0 0 0 0 0 0 0 2 2 2 2 0 0 0 0 0 0 0 0 0 0 0 0 
764 120 [ 763 ] 4 100 0 0 0 0 4 4 2 0 0 0 0 0 3 3 2 1 0 0 0 0 0 0 0 0 3 2 2 1 4 3 3 2 0 0 0 0 2 0 0 0 
765 30 [ ] 4 70 0 0 0 0 4 0 0 0 0 0 0 0 0 0 0 0 2 1 1 0 3 3 2 0 4 2 0 0 5 3 1 0 0 0 0 0 0 0 0 0 
766 120 [ ] 3 30 0 0 0 0 0 0 0 0 0 0 0 0 3 3 1 1 2 1 0 0 0 0 0 0 0 0 0 0 2 1 1 0 0 0 0 0 0 0 0 0 
767 30 [ 766 ] 3 50 0 0 0 0 0 0 0 0 0 0 0 0 0 0 0 0 0 0 0 0 3 2 0 0 0 0 0 0 0 0 0 0 4 4 3 3 0 0 0 0 
768 120 [ ] 3 70 0 0 0 0 4 4 3 0 0 0 0 0 0 0 0 0 4 3 0 0 5 3 0 0 4 3 2 0 0 0 0 0 3 2 1 0 4 4 0 0 
769 120 [ 768 ] 3 70 0 0 0 0 4 4 3 0 0 0 0 0 0 0 0 0 4 3 0 0 5 3 0 0 4 3 2 0 0 0 0 0 3 2 1 0 4 4 0 0 
770 120 [ 769 ] 3 70 0 0 0 0 4 4 3 0 0 0 0 0 0 0 0 0 4 3 0 0 5 3 0 0 4 3 2 0 0 0 0 0 3 2 1 0 4 4 0 0 
771 30 [ 770 ] 3 50 3 0 0 0 3 0 0 0 3 1 1 1 4 3 1 1 3 2 2 1 0 0 0 0 2 0 0 0 3 2 2 1 4 3 2 0 2 1 1 1 
772 30 [ 771 ] 3 150 2 0 0 0 3 3 3 3 0 0 0 0 3 0 0 0 0 0 0 0 0 0 0 0 0 0 0 0 1 1 0 0 0 0 0 0 0 0 0 0 
773 120 [ ] 2 70 0 0 0 0 4 1 0 0 0 0 0 0 0 0 0 0 3 3 1 1 0 0 0 0 0 0 0 0 4 2 0 0 0 0 0 0 0 0 0 0 
774 30 [ 773 ] 2 150 3 2 2 2 4 0 0 0 3 2 0 0 2 2 2 1 3 2 2 2 3 2 1 0 3 2 2 1 5 4 4 0 3 0 0 0 2 2 0 0 
775 120 [ 774 ] 3 50 3 2 2 0 2 0 0 0 4 4 2 0 2 1 0 0 0 0 0 0 2 2 2 1 3 3 3 0 0 0 0 0 2 2 2 0 3 2 0 0 
776 120 [ 775 ] 3 50 3 2 2 0 2 0 0 0 4 4 2 0 2 1 0 0 0 0 0 0 2 2 2 1 3 3 3 0 0 0 0 0 2 2 2 0 3 2 0 0 
777 120 [ ] 1 190 4 3 2 0 5 5 3 0 3 0 0 0 2 1 0 0 4 0 0 0 3 2 0 0 3 0 0 0 2 1 1 1 2 2 2 0 0 0 0 0 
778 120 [ 777 ] 4 50 2 2 2 0 3 2 0 0 3 2 1 1 2 0 0 0 3 0 0 0 2 0 0 0 3 2 2 0 4 4 3 1 3 3 1 1 2 0 0 0 
779 30 [ ] 2 150 0 0 0 0 0 0 0 0 0 0 0 0 0 0 0 0 0 0 0 0 4 3 2 2 0 0 0 0 0 0 0 0 2 2 2 0 0 0 0 0 
780 30 [ ] 4 90 2 2 2 0 0 0 0 0 4 3 0 0 4 2 0 0 0 0 0 0 2 2 2 0 0 0 0 0 0 0 0 0 0 0 0 0 0 0 0 0 
781 120 [ ] 4 100 0 0 0 0 0 0 0 0 4 2 1 1 2 2 0 0 0 0 0 0 0 0 0 0 0 0 0 0 0 0 0 0 0 0 0 0 0 0 0 0 
782 120 [ 781 ] 4 100 0 0 0 0 0 0 0 0 4 2 1 1 2 2 0 0 0 0 0 0 0 0 0 0 0 0 0 0 0 0 0 0 0 0 0 0 0 0 0 0 
783 120 [ 782 ] 4 100 0 0 0 0 0 0 0 0 4 2 1 1 2 2 0 0 0 0 0 0 0 0 0 0 0 0 0 0 0 0 0 0 0 0 0 0 0 0 0 0 
784 120 [ 783 ] 4 100 0 0 0 0 0 0 0 0 4 2 1 1 2 2 0 0 0 0 0 0 0 0 0 0 0 0 0 0 0 0 0 0 0 0 0 0 0 0 0 0 
785 30 [ ] 3 60 0 0 0 0 3 2 2 2 0 0 0 0 0 0 0 0 4 3 2 2 1 1 0 0 0 0 0 0 3 2 2 0 0 0 0 0 0 0 0 0 
786 30 [ 785 ] 4 210 0 0 0 0 0 0 0 0 0 0 0 0 0 0 0 0 0 0 0 0 0 0 0 0 0 0 0 0 0 0 0 0 0 0 0 0 4 0 0 0 
787 30 [ ] 2 50 0 0 0 0 3 3 0 0 2 2 2 2 0 0 0 0 0 0 0 0 0 0 0 0 0 0 0 0 0 0 0 0 0 0 0 0 0 0 0 0 
788 120 [ ] 4 90 5 4 4 3 4 0 0 0 0 0 0 0 0 0 0 0 2 0 0 0 5 1 0 0 2 0 0 0 0 0 0 0 0 0 0 0 0 0 0 0 
789 120 [ 788 ] 4 90 5 4 4 3 4 0 0 0 0 0 0 0 0 0 0 0 2 0 0 0 5 1 0 0 2 0 0 0 0 0 0 0 0 0 0 0 0 0 0 0 
790 120 [ 789 ] 4 90 5 4 4 3 4 0 0 0 0 0 0 0 0 0 0 0 2 0 0 0 5 1 0 0 2 0 0 0 0 0 0 0 0 0 0 0 0 0 0 0 
791 120 [ 790 ] 4 90 5 4 4 3 4 0 0 0 0 0 0 0 0 0 0 0 2 0 0 0 5 1 0 0 2 0 0 0 0 0 0 0 0 0 0 0 0 0 0 0 
792 120 [ ] 4 50 0 0 0 0 0 0 0 0 0 0 0 0 0 0 0 0 0 0 0 0 0 0 0 0 3 0 0 0 0 0 0 0 3 2 0 0 0 0 0 0 
793 120 [ ] 4 140 0 0 0 0 5 5 5 3 2 2 0 0 5 3 2 0 3 2 0 0 2 2 0 0 2 1 1 1 3 2 2 1 4 3 0 0 2 0 0 0 
794 120 [ 793 ] 4 140 0 0 0 0 5 5 5 3 2 2 0 0 5 3 2 0 3 2 0 0 2 2 0 0 2 1 1 1 3 2 2 1 4 3 0 0 2 0 0 0 
795 120 [ ] 4 100 0 0 0 0 0 0 0 0 0 0 0 0 0 0 0 0 3 2 0 0 0 0 0 0 2 0 0 0 0 0 0 0 0 0 0 0 0 0 0 0 
796 120 [ 795 ] 4 100 0 0 0 0 0 0 0 0 0 0 0 0 0 0 0 0 3 2 0 0 0 0 0 0 2 0 0 0 0 0 0 0 0 0 0 0 0 0 0 0 
797 120 [ 796 ] 4 100 0 0 0 0 0 0 0 0 0 0 0 0 0 0 0 0 3 2 0 0 0 0 0 0 2 0 0 0 0 0 0 0 0 0 0 0 0 0 0 0 
798 120 [ 797 ] 4 150 4 3 0 0 2 1 0 0 3 0 0 0 3 2 1 0 4 0 0 0 3 0 0 0 4 2 1 0 0 0 0 0 4 0 0 0 4 0 0 0 
799 120 [ ] 3 90 4 1 0 0 2 0 0 0 4 2 0 0 0 0 0 0 0 0 0 0 4 4 4 2 4 4 0 0 0 0 0 0 0 0 0 0 0 0 0 0 
800 120 [ 799 ] 3 90 4 1 0 0 2 0 0 0 4 2 0 0 0 0 0 0 0 0 0 0 4 4 4 2 4 4 0 0 0 0 0 0 0 0 0 0 0 0 0 0 
