tech d1 d2 d3 d4 d5 d6 d7 d8 d9 d10 dispo
1 1 0 1 4 4 2 2 1 2 4 [ 18 23 ]
2 3 4 1 0 4 1 0 4 2 0 [ 3 ]
3 2 1 4 0 3 1 1 4 2 4 [ 22 ]
4 2 2 1 1 2 2 3 3 0 4 [ 20 25 ]
5 3 1 1 2 1 4 1 1 1 3 [ ]
6 3 3 3 2 2 2 0 3 2 4 [ 7 21 ]
7 3 1 0 0 0 2 2 3 1 2 [ 28 ]
8 2 4 0 2 1 0 3 3 4 1 [ 13 ]
9 1 3 0 1 2 2 4 1 3 2 [ 18 ]
10 3 2 2 2 4 1 3 3 2 4 [ 4 6 ]
11 3 2 4 1 2 2 4 2 1 0 [ 14 ]
12 2 0 3 4 2 3 2 4 4 4 [ 10 28 ]
13 2 3 1 2 2 3 3 0 2 0 [ 20 30 ]
14 4 3 0 2 2 1 0 0 1 3 [ ]
15 0 3 4 1 3 1 0 4 2 4 [ 13 ]
16 0 4 4 1 1 3 2 2 0 4 [ 14 ]
17 1 4 0 3 1 1 0 1 2 4 [ ]
18 4 3 3 1 1 2 2 4 3 1 [ ]
19 4 1 4 4 2 3 4 3 1 3 [ 1 3 25 ]
20 2 2 3 3 3 0 3 0 3 3 [ 4 25 28 ]
21 0 3 3 4 2 3 3 1 4 2 [ ]
22 3 0 1 0 1 4 1 1 2 2 [ 19 ]
23 3 3 2 4 2 3 4 1 3 3 [ 14 ]
24 4 4 2 3 2 3 3 0 1 1 [ ]
25 0 2 3 4 1 1 1 3 3 4 [ 27 ]
26 3 4 4 3 4 3 2 2 3 1 [ 4 6 9 29 ]
27 0 0 1 3 0 1 4 3 3 1 [ ]
28 3 4 1 3 0 1 4 3 0 1 [ 19 24 ]
29 1 1 3 4 2 3 0 0 4 4 [ ]
30 0 2 3 0 3 2 0 2 1 3 [ 27 ]
31 1 2 0 0 1 2 2 0 1 0 [ 9 11 12 27 ]
32 1 0 1 3 2 3 2 0 2 2 [ 12 ]
33 4 1 1 0 4 2 0 3 3 0 [ 7 ]
34 4 1 2 3 1 4 1 1 3 1 [ 25 ]
35 4 2 2 2 2 2 0 0 0 4 [ ]
36 3 1 4 1 3 4 3 4 0 4 [ 8 ]
37 2 3 4 4 3 1 2 3 2 0 [ 8 26 ]
38 0 3 0 4 3 4 2 3 0 0 [ 30 ]
39 3 1 1 1 4 1 2 1 3 1 [ ]
40 3 4 1 3 2 4 1 4 0 1 [ 11 ]
41 4 0 2 1 4 1 0 1 3 1 [ ]
42 3 3 3 1 0 0 4 1 2 0 [ 18 21 22 ]
43 4 4 2 0 0 4 2 3 2 4 [ 15 29 ]
44 0 0 4 2 0 4 1 1 2 1 [ 24 ]
45 2 4 0 2 1 0 0 3 1 1 [ ]
46 1 2 3 3 4 0 1 0 3 3 [ 1 ]
47 0 1 0 3 1 0 0 2 0 2 [ 13 25 ]
48 1 2 1 0 1 0 0 4 1 3 [ 2 10 ]
49 1 0 2 1 2 2 3 0 2 2 [ 5 10 21 ]
50 4 1 2 4 0 2 0 1 1 1 [ 21 ]
51 2 0 0 2 2 0 1 0 2 1 [ 22 ]
52 2 1 0 3 4 3 2 0 3 0 [ ]
53 0 4 1 2 0 0 1 3 1 4 [ 29 ]
54 0 2 0 0 0 2 0 1 1 3 [ 11 18 ]
55 4 1 1 3 2 4 2 0 1 2 [ ]
56 2 2 2 1 3 0 0 3 1 4 [ ]
57 3 0 2 2 1 3 3 1 3 4 [ 29 ]
58 1 3 3 4 3 4 1 0 2 1 [ ]
59 1 0 2 3 0 2 3 0 3 0 [ 2 ]
60 1 0 0 1 1 1 1 4 0 2 [ 29 ]
61 4 0 0 0 3 3 3 0 3 4 [ 1 22 ]
62 2 1 0 2 1 1 0 3 4 4 [ ]
63 0 0 1 1 2 1 2 2 1 0 [ ]
64 1 3 4 3 4 3 2 1 4 3 [ 2 6 27 28 ]
65 3 4 3 1 1 4 0 2 4 0 [ 7 ]
66 3 0 0 4 0 0 3 0 1 3 [ 5 10 28 ]
67 2 3 4 4 0 0 2 1 3 3 [ 11 ]
68 3 3 0 1 0 2 1 1 0 4 [ 15 ]
69 3 4 2 1 0 1 3 0 3 4 [ 14 ]
70 1 3 3 1 2 0 3 0 0 2 [ 8 ]
71 2 2 1 4 1 3 1 4 2 4 [ 17 ]
72 1 0 0 3 2 2 3 4 1 3 [ 11 ]
73 0 0 4 0 0 3 3 4 0 4 [ 16 ]
74 3 2 0 0 1 4 3 4 1 1 [ 6 7 ]
75 3 1 0 1 2 2 2 4 2 4 [ 9 20 ]
76 2 3 3 4 1 2 2 3 4 3 [ 4 25 ]
77 3 3 0 2 3 3 1 4 2 2 [ ]
78 0 4 1 2 3 0 1 1 3 3 [ 8 20 27 ]
79 3 1 4 3 3 2 0 4 1 3 [ 11 ]
80 4 2 4 2 3 2 0 3 0 0 [ 11 ]
81 2 2 3 1 3 0 2 3 3 1 [ 18 ]
82 3 4 4 0 3 2 4 2 4 3 [ 26 ]
83 4 1 3 0 1 3 2 4 3 3 [ 3 18 ]
84 2 4 3 0 3 1 0 4 4 1 [ 17 23 ]
85 3 0 2 2 0 1 2 4 0 2 [ ]
86 2 4 4 2 0 1 1 3 2 2 [ 7 8 9 ]
87 1 2 4 1 2 3 2 1 0 0 [ 16 ]
88 3 1 4 4 3 0 1 4 2 1 [ 19 24 ]
89 4 1 3 0 4 3 0 0 3 4 [ ]
90 2 3 4 4 4 4 2 3 4 4 [ ]
91 2 4 4 3 1 2 4 0 4 0 [ 7 ]
92 1 1 1 4 1 0 2 2 2 2 [ ]
93 1 0 1 2 1 0 3 0 4 2 [ ]
94 4 0 0 2 4 2 1 1 4 1 [ 2 8 ]
95 0 0 4 3 3 3 2 1 1 0 [ 6 ]
96 3 3 0 3 1 3 4 2 2 1 [ 15 27 ]
97 2 3 2 0 4 4 1 1 2 2 [ ]
98 2 0 3 4 2 4 0 4 3 3 [ 1 20 21 ]
99 3 2 3 4 3 0 1 4 1 2 [ 1 25 ]
100 4 3 0 0 1 2 0 1 3 1 [ ]
101 2 0 3 3 0 3 1 4 2 4 [ ]
102 3 4 4 1 2 0 3 4 4 2 [ 5 6 21 22 ]
103 2 0 0 1 2 0 4 0 2 1 [ 4 21 ]
104 2 2 4 4 4 1 4 3 2 1 [ 12 15 ]
105 3 1 3 1 4 0 1 1 2 1 [ 14 ]
106 3 1 0 1 1 1 3 4 3 3 [ 6 10 22 ]
107 1 3 2 2 4 3 3 0 4 1 [ ]
108 1 1 1 2 4 0 0 0 3 1 [ 11 19 ]
109 0 1 4 2 0 3 2 1 3 0 [ ]
110 4 1 3 0 4 3 3 2 1 0 [ ]
111 4 1 4 3 0 2 2 3 0 0 [ 23 ]
112 4 0 2 4 4 4 0 2 2 1 [ 27 ]
113 2 2 2 0 3 1 4 2 2 0 [ 29 ]
114 1 0 4 1 1 3 4 3 4 3 [ 27 ]
115 4 0 3 1 3 2 2 3 3 2 [ ]
116 0 0 3 0 1 3 1 1 1 1 [ 1 23 ]
117 3 2 3 2 1 3 0 2 0 0 [ 9 21 ]
118 2 0 0 0 1 2 4 3 3 1 [ 2 22 ]
119 4 0 2 0 3 3 0 2 1 1 [ 28 ]
120 1 3 1 3 0 0 1 2 2 4 [ 1 18 ]
121 0 4 0 0 1 1 2 0 2 4 [ ]
122 0 4 3 4 0 3 3 2 3 3 [ ]
123 2 3 3 3 3 0 3 3 0 4 [ 10 24 ]
124 3 4 4 0 1 2 0 1 1 2 [ 24 ]
125 2 3 1 3 0 3 2 0 0 1 [ 19 22 29 ]
126 3 3 1 1 4 1 4 4 1 1 [ ]
127 1 0 2 2 0 1 0 4 4 4 [ 10 28 ]
128 1 4 0 2 4 4 1 1 2 2 [ 11 29 ]
129 0 3 3 0 1 3 2 0 4 4 [ 25 ]
130 2 3 1 2 0 2 3 3 3 3 [ ]
131 4 1 4 2 4 1 1 1 2 4 [ 8 27 ]
132 3 1 3 2 3 2 4 3 0 2 [ 15 26 29 ]
133 4 4 3 4 4 0 1 0 1 2 [ 30 ]
134 3 1 0 1 4 0 2 4 3 1 [ 23 ]
135 3 0 2 2 4 0 2 0 0 4 [ 4 ]
136 4 3 3 2 1 0 4 4 3 0 [ 18 ]
137 1 1 3 3 3 3 2 3 0 3 [ 22 ]
138 3 4 3 3 0 4 1 1 0 3 [ 2 ]
139 1 3 4 4 0 1 4 4 2 3 [ ]
140 4 1 2 1 4 4 4 4 1 3 [ 4 30 ]
141 4 4 3 1 3 2 4 3 0 4 [ 12 19 25 ]
142 4 2 1 4 4 3 3 3 0 3 [ ]
143 0 4 4 4 3 0 3 4 2 1 [ 23 ]
144 1 2 2 2 3 1 0 2 4 3 [ 4 ]
145 1 2 1 3 1 1 2 4 1 1 [ 15 21 ]
146 3 2 0 0 0 4 0 1 2 1 [ ]
147 4 2 3 3 0 2 4 1 1 4 [ 25 ]
148 1 1 2 1 0 2 1 2 0 2 [ 12 14 ]
149 2 4 2 3 3 0 1 4 2 4 [ 9 15 ]
150 0 1 0 2 3 2 1 1 1 1 [ ]
