tech d1 d2 d3 d4 d5 d6 d7 d8 d9 d10 d11 d12 d13 d14 d15 d16 d17 d18 d19 d20 d21 d22 d23 d24 d25 d26 d27 d28 d29 d30 d31 d32 d33 d34 d35 d36 d37 d38 d39 d40 dispo
1 1 3 2 3 0 3 0 3 2 3 0 0 1 0 1 0 3 0 2 1 2 1 3 2 1 2 2 3 2 0 2 3 1 0 0 1 1 1 3 2 [ 36 ]
2 1 2 2 0 0 3 3 1 3 1 2 1 1 1 3 1 0 2 1 2 2 3 2 1 1 0 0 2 1 1 1 3 1 0 3 0 1 2 1 1 [ 39 41 ]
3 2 3 0 0 0 3 2 3 1 3 2 3 2 0 3 0 1 3 0 0 1 1 1 0 1 1 1 3 2 0 2 3 3 2 2 0 1 0 1 2 [ 38 48 ]
4 0 2 0 0 0 0 0 3 1 2 0 2 0 0 1 2 1 2 0 2 3 0 0 1 3 0 3 1 1 0 2 2 3 2 3 3 1 3 1 1 [ ]
5 1 0 0 0 3 0 0 0 0 0 1 0 0 1 3 0 0 0 1 1 0 0 3 0 1 0 0 1 0 1 0 0 0 1 0 1 0 1 1 3 [ 3 4 5 10 11 ]
6 3 1 0 1 0 2 2 1 2 0 2 2 3 2 0 2 2 0 0 3 2 0 0 1 2 0 3 0 2 1 3 0 3 0 3 2 3 2 1 0 [ 46 ]
7 1 1 3 2 0 3 1 1 2 2 2 0 0 1 1 2 2 1 2 0 0 1 3 1 0 1 3 3 0 2 0 3 1 2 3 0 0 1 2 2 [ ]
8 2 1 3 3 0 1 3 3 3 0 1 1 2 0 0 1 1 0 3 3 1 2 0 0 3 0 1 3 3 1 1 2 1 1 0 2 1 3 2 2 [ 2 ]
9 2 1 0 3 0 2 3 2 1 3 1 1 1 3 3 2 1 1 0 2 1 3 3 2 1 1 0 0 0 1 3 1 3 3 1 1 0 2 2 3 [ ]
10 3 1 2 2 0 3 2 0 2 3 0 2 3 1 0 0 3 3 1 1 0 1 1 3 3 1 3 0 0 1 1 2 0 3 1 1 3 2 0 0 [ ]
11 2 0 2 0 0 2 2 0 3 3 2 0 3 2 3 3 3 2 0 1 2 2 3 2 1 2 2 3 2 0 0 1 0 1 1 0 2 3 2 3 [ ]
12 0 2 1 1 0 0 0 3 1 3 0 3 3 2 0 0 1 2 1 2 2 0 3 0 1 3 1 0 2 3 3 1 1 1 3 2 0 0 3 3 [ 12 15 46 ]
13 2 1 2 0 0 2 0 3 0 3 1 2 0 2 0 0 0 3 1 2 3 2 3 0 1 3 0 3 2 2 1 0 2 3 1 1 2 2 3 3 [ ]
14 0 3 0 1 0 1 1 2 2 3 2 3 3 3 1 0 1 2 2 1 1 0 2 0 0 3 0 1 3 0 0 1 0 0 2 3 0 1 3 0 [ 15 16 55 ]
15 0 3 0 3 0 1 0 3 2 1 0 1 0 1 0 1 2 3 1 0 2 3 1 2 2 2 0 0 0 3 1 0 3 0 3 1 1 3 3 2 [ 40 ]
16 3 0 3 0 0 0 0 3 2 3 1 1 0 1 2 0 1 0 2 0 1 3 0 0 1 1 2 0 0 1 3 0 0 0 3 3 0 2 3 0 [ 27 40 ]
17 3 2 0 3 0 2 1 2 1 3 1 2 2 1 2 1 3 0 2 3 0 1 0 0 1 3 3 0 0 1 1 3 2 2 3 0 1 2 1 3 [ 17 51 ]
18 3 0 3 2 0 2 0 0 2 3 2 2 1 1 1 0 3 0 3 2 2 2 1 3 0 3 0 3 3 3 2 1 1 1 3 2 1 2 3 2 [ ]
19 2 2 2 1 0 2 1 2 0 3 0 2 3 2 3 2 3 2 0 0 0 1 2 0 0 0 1 2 3 2 0 1 0 0 0 1 0 3 3 2 [ 31 ]
20 2 2 3 1 0 2 0 2 2 2 2 3 2 3 1 0 2 3 2 2 2 3 3 0 2 2 1 0 1 1 1 1 3 0 1 1 2 0 3 2 [ 7 32 38 ]
21 2 3 3 3 0 1 0 0 0 1 3 2 2 1 1 1 3 3 1 1 0 0 0 2 0 3 3 3 1 1 2 1 0 1 1 2 3 3 3 1 [ 11 ]
22 3 3 1 2 0 0 2 1 2 0 3 3 3 2 0 0 3 2 0 0 1 2 3 3 0 2 2 1 2 0 0 0 3 2 0 1 2 0 0 0 [ ]
23 3 0 3 2 0 0 3 1 1 0 0 2 0 0 2 3 1 3 2 0 1 3 0 3 1 2 1 3 3 1 1 2 0 1 0 1 3 3 3 1 [ 16 21 ]
24 3 1 2 2 0 2 3 0 3 0 1 2 2 3 1 1 0 2 0 3 1 2 2 0 1 2 2 2 1 3 3 0 2 2 2 3 0 1 0 2 [ 16 ]
25 1 2 0 2 0 3 3 2 2 2 3 1 2 3 2 0 3 0 1 2 0 2 1 1 2 1 1 3 2 2 1 1 0 3 2 1 2 2 1 2 [ 2 ]
26 0 2 3 3 0 1 2 3 0 2 2 3 1 3 1 0 2 0 3 3 2 2 2 3 0 0 2 3 3 1 0 0 1 0 1 0 1 3 1 3 [ 11 52 ]
27 0 0 2 1 0 3 1 3 1 1 2 1 0 3 1 1 0 3 2 3 3 0 2 3 3 1 1 2 0 0 2 2 2 0 3 0 3 1 0 3 [ ]
28 1 0 3 3 0 3 0 1 3 1 3 0 0 2 2 0 1 3 3 3 1 3 0 0 3 0 0 1 2 3 1 0 2 1 0 0 0 3 0 2 [ 8 19 33 ]
29 1 0 0 0 3 0 0 0 0 0 1 0 0 1 3 0 0 0 1 1 0 0 3 0 1 0 0 1 0 1 0 0 0 1 0 1 0 0 0 2 [ 8 9 13 ]
30 1 2 3 0 0 0 2 1 0 0 1 1 3 0 0 1 1 0 2 0 2 0 3 1 3 3 2 1 0 2 2 0 2 3 2 3 0 0 0 0 [ ]
