number time preds prio cost d1_1 d1_2 d1_3 d1_4 d2_1 d2_2 d2_3 d2_4 d3_1 d3_2 d3_3 d3_4 d4_1 d4_2 d4_3 d4_4 d5_1 d5_2 d5_3 d5_4  
1 15 [ ] 1 400 0 0 0 0 0 0 0 0 0 0 0 0 0 0 0 0 1 1 1 0 
2 15 [ ] 3 200 0 0 0 0 0 0 0 0 0 0 0 0 4 0 0 0 0 0 0 0 
3 120 [ ] 1 50 0 0 0 0 1 1 0 0 0 0 0 0 0 0 0 0 0 0 0 0 
4 60 [ ] 3 100 0 0 0 0 0 0 0 0 0 0 0 0 0 0 0 0 1 0 0 0 
5 120 [ ] 1 100 1 1 0 0 5 0 0 0 0 0 0 0 5 3 1 0 1 1 1 1 
6 15 [ ] 1 50 0 0 0 0 0 0 0 0 1 1 1 1 0 0 0 0 0 0 0 0 
7 120 [ 5 6 ] 1 300 0 0 0 0 2 2 2 2 0 0 0 0 0 0 0 0 0 0 0 0 
8 120 [ ] 1 200 0 0 0 0 0 0 0 0 0 0 0 0 0 0 0 0 4 0 0 0 
9 60 [ ] 3 300 0 0 0 0 0 0 0 0 0 0 0 0 0 0 0 0 1 1 1 0 
10 60 [ ] 3 50 0 0 0 0 0 0 0 0 0 0 0 0 0 0 0 0 1 1 1 1 
11 60 [ 9 10 ] 3 300 0 0 0 0 0 0 0 0 1 0 0 0 0 0 0 0 0 0 0 0 
12 120 [ ] 1 100 0 0 0 0 0 0 0 0 4 4 3 2 1 1 1 1 3 1 1 0 
13 60 [ ] 2 200 0 0 0 0 0 0 0 0 0 0 0 0 0 0 0 0 1 1 0 0 
14 15 [ ] 2 200 0 0 0 0 0 0 0 0 1 0 0 0 0 0 0 0 0 0 0 0 
15 120 [ ] 2 50 1 0 0 0 0 0 0 0 0 0 0 0 0 0 0 0 0 0 0 0 
16 15 [ ] 3 200 0 0 0 0 0 0 0 0 3 3 1 0 0 0 0 0 0 0 0 0 
17 15 [ ] 1 150 0 0 0 0 1 1 0 0 0 0 0 0 0 0 0 0 0 0 0 0 
18 15 [ 17 ] 3 50 1 1 1 1 5 3 3 0 4 3 2 1 4 0 0 0 1 1 0 0 
19 116 [ ] 1 150 0 0 0 0 0 0 0 0 1 0 0 0 0 0 0 0 0 0 0 0 
20 60 [ 19 ] 1 300 1 0 0 0 0 0 0 0 0 0 0 0 0 0 0 0 0 0 0 0 
21 60 [ ] 3 300 4 1 0 0 0 0 0 0 0 0 0 0 0 0 0 0 0 0 0 0 
22 112 [ ] 1 600 0 0 0 0 0 0 0 0 0 0 0 0 3 2 0 0 0 0 0 0 
23 12 [ ] 1 50 0 0 0 0 0 0 0 0 0 0 0 0 0 0 0 0 1 1 0 0 
24 52 [ 20 21 22 23 ] 3 200 2 1 0 0 0 0 0 0 0 0 0 0 0 0 0 0 0 0 0 0 
25 120 [ ] 1 150 0 0 0 0 1 0 0 0 0 0 0 0 0 0 0 0 0 0 0 0 
26 60 [ ] 2 600 0 0 0 0 0 0 0 0 0 0 0 0 1 0 0 0 0 0 0 0 
27 120 [ ] 1 200 0 0 0 0 0 0 0 0 0 0 0 0 1 1 0 0 0 0 0 0 
28 60 [ ] 2 200 0 0 0 0 1 1 1 0 0 0 0 0 0 0 0 0 0 0 0 0 
29 120 [ ] 1 200 0 0 0 0 0 0 0 0 0 0 0 0 0 0 0 0 1 0 0 0 
30 60 [ ] 1 100 1 0 0 0 1 1 0 0 1 1 0 0 5 1 0 0 0 0 0 0 
31 15 [ ] 2 400 0 0 0 0 0 0 0 0 0 0 0 0 2 0 0 0 0 0 0 0 
32 15 [ ] 1 150 0 0 0 0 0 0 0 0 0 0 0 0 0 0 0 0 5 4 3 1 
33 15 [ ] 1 200 0 0 0 0 0 0 0 0 0 0 0 0 0 0 0 0 4 0 0 0 
34 120 [ ] 2 300 1 0 0 0 0 0 0 0 0 0 0 0 0 0 0 0 0 0 0 0 
35 120 [ ] 1 600 1 1 1 0 0 0 0 0 0 0 0 0 0 0 0 0 0 0 0 0 
36 32 [ ] 1 200 1 1 0 0 0 0 0 0 0 0 0 0 0 0 0 0 0 0 0 0 
37 120 [ ] 2 150 0 0 0 0 0 0 0 0 0 0 0 0 0 0 0 0 1 0 0 0 
38 15 [ ] 1 400 0 0 0 0 0 0 0 0 0 0 0 0 0 0 0 0 1 1 1 0 
39 120 [ ] 3 300 0 0 0 0 0 0 0 0 0 0 0 0 5 4 0 0 0 0 0 0 
40 120 [ ] 1 100 0 0 0 0 0 0 0 0 0 0 0 0 1 1 0 0 0 0 0 0 
41 120 [ ] 1 100 0 0 0 0 0 0 0 0 0 0 0 0 0 0 0 0 3 0 0 0 
42 60 [ ] 1 300 0 0 0 0 1 1 1 1 0 0 0 0 0 0 0 0 0 0 0 0 
43 15 [ ] 3 300 0 0 0 0 1 1 1 1 0 0 0 0 0 0 0 0 0 0 0 0 
44 60 [ ] 1 200 0 0 0 0 0 0 0 0 0 0 0 0 3 3 2 0 0 0 0 0 
45 120 [ ] 1 300 0 0 0 0 3 3 0 0 0 0 0 0 0 0 0 0 0 0 0 0 
46 15 [ ] 1 300 0 0 0 0 0 0 0 0 1 1 0 0 0 0 0 0 2 1 0 0 
47 15 [ ] 1 100 0 0 0 0 0 0 0 0 0 0 0 0 1 1 0 0 0 0 0 0 
48 15 [ ] 1 150 2 2 1 0 0 0 0 0 0 0 0 0 0 0 0 0 0 0 0 0 
49 60 [ 46 47 48 ] 1 300 0 0 0 0 0 0 0 0 2 2 0 0 0 0 0 0 5 0 0 0 
50 60 [ ] 1 300 0 0 0 0 5 0 0 0 0 0 0 0 0 0 0 0 0 0 0 0 
51 15 [ ] 1 200 2 2 0 0 0 0 0 0 0 0 0 0 0 0 0 0 0 0 0 0 
52 60 [ 49 50 51 ] 1 600 0 0 0 0 1 0 0 0 0 0 0 0 0 0 0 0 0 0 0 0 
53 15 [ ] 1 50 3 2 1 0 0 0 0 0 0 0 0 0 0 0 0 0 1 0 0 0 
54 120 [ ] 2 50 2 1 1 1 1 0 0 0 1 1 1 1 0 0 0 0 5 0 0 0 
55 120 [ ] 1 300 0 0 0 0 1 1 0 0 1 1 1 0 0 0 0 0 0 0 0 0 
56 48 [ ] 1 50 0 0 0 0 5 2 2 0 0 0 0 0 0 0 0 0 0 0 0 0 
57 15 [ ] 2 200 4 0 0 0 0 0 0 0 0 0 0 0 0 0 0 0 0 0 0 0 
58 60 [ 57 ] 2 600 0 0 0 0 0 0 0 0 0 0 0 0 3 3 0 0 0 0 0 0 
59 36 [ ] 1 200 5 4 1 0 0 0 0 0 0 0 0 0 0 0 0 0 0 0 0 0 
60 15 [ ] 1 150 1 1 0 0 0 0 0 0 1 0 0 0 0 0 0 0 1 1 0 0 
61 120 [ ] 1 150 1 1 0 0 0 0 0 0 0 0 0 0 0 0 0 0 0 0 0 0 
62 15 [ 60 61 ] 1 300 0 0 0 0 1 1 1 1 0 0 0 0 0 0 0 0 0 0 0 0 
63 60 [ ] 2 300 0 0 0 0 0 0 0 0 0 0 0 0 0 0 0 0 1 0 0 0 
64 120 [ ] 2 300 1 1 0 0 5 5 4 0 1 1 0 0 1 1 1 1 4 3 0 0 
65 104 [ ] 1 300 0 0 0 0 0 0 0 0 0 0 0 0 1 0 0 0 0 0 0 0 
66 80 [ ] 3 300 0 0 0 0 0 0 0 0 0 0 0 0 0 0 0 0 1 1 0 0 
67 15 [ ] 1 100 0 0 0 0 0 0 0 0 0 0 0 0 0 0 0 0 1 1 0 0 
68 120 [ ] 3 200 0 0 0 0 4 3 0 0 0 0 0 0 0 0 0 0 0 0 0 0 
69 120 [ ] 2 100 0 0 0 0 0 0 0 0 0 0 0 0 0 0 0 0 3 0 0 0 
70 60 [ ] 3 100 1 1 0 0 1 1 0 0 0 0 0 0 0 0 0 0 1 0 0 0 
71 120 [ ] 1 200 0 0 0 0 0 0 0 0 1 1 0 0 0 0 0 0 0 0 0 0 
72 60 [ ] 1 200 0 0 0 0 0 0 0 0 0 0 0 0 0 0 0 0 1 0 0 0 
73 15 [ ] 1 100 0 0 0 0 0 0 0 0 1 1 1 1 0 0 0 0 0 0 0 0 
74 15 [ ] 1 300 1 1 1 0 1 1 0 0 1 1 0 0 1 0 0 0 1 1 0 0 
75 120 [ ] 1 200 5 4 1 0 0 0 0 0 0 0 0 0 0 0 0 0 0 0 0 0 
76 60 [ ] 1 100 1 1 1 1 3 0 0 0 1 1 0 0 1 1 1 1 3 0 0 0 
77 60 [ ] 3 100 1 1 1 1 0 0 0 0 0 0 0 0 0 0 0 0 0 0 0 0 
78 60 [ ] 1 100 1 0 0 0 0 0 0 0 0 0 0 0 1 1 0 0 0 0 0 0 
79 60 [ ] 1 200 0 0 0 0 0 0 0 0 1 1 0 0 0 0 0 0 0 0 0 0 
80 15 [ ] 1 100 0 0 0 0 0 0 0 0 0 0 0 0 1 0 0 0 0 0 0 0 
81 60 [ 80 ] 2 50 0 0 0 0 0 0 0 0 0 0 0 0 0 0 0 0 3 3 3 2 
82 15 [ ] 1 300 0 0 0 0 0 0 0 0 0 0 0 0 3 1 0 0 0 0 0 0 
83 84 [ ] 1 300 0 0 0 0 0 0 0 0 0 0 0 0 0 0 0 0 1 1 1 1 
84 15 [ ] 1 600 1 1 1 1 0 0 0 0 0 0 0 0 0 0 0 0 0 0 0 0 
85 15 [ ] 3 150 0 0 0 0 0 0 0 0 0 0 0 0 2 2 0 0 0 0 0 0 
86 60 [ ] 1 600 0 0 0 0 0 0 0 0 0 0 0 0 1 0 0 0 0 0 0 0 
87 8 [ ] 1 600 0 0 0 0 0 0 0 0 0 0 0 0 0 0 0 0 1 1 0 0 
88 15 [ ] 3 200 0 0 0 0 0 0 0 0 0 0 0 0 1 1 1 0 0 0 0 0 
89 15 [ ] 1 300 3 3 2 0 0 0 0 0 0 0 0 0 0 0 0 0 0 0 0 0 
90 36 [ ] 1 300 0 0 0 0 0 0 0 0 0 0 0 0 1 0 0 0 0 0 0 0 
91 15 [ ] 1 150 0 0 0 0 0 0 0 0 1 1 1 1 0 0 0 0 1 1 0 0 
92 15 [ ] 1 100 1 0 0 0 0 0 0 0 0 0 0 0 0 0 0 0 0 0 0 0 
93 60 [ ] 1 150 0 0 0 0 0 0 0 0 5 5 5 3 0 0 0 0 0 0 0 0 
94 120 [ ] 2 50 1 1 1 0 0 0 0 0 0 0 0 0 0 0 0 0 0 0 0 0 
95 15 [ 93 94 ] 3 300 0 0 0 0 0 0 0 0 0 0 0 0 0 0 0 0 1 0 0 0 
96 64 [ ] 3 400 0 0 0 0 0 0 0 0 0 0 0 0 1 0 0 0 0 0 0 0 
97 60 [ ] 1 100 0 0 0 0 0 0 0 0 0 0 0 0 0 0 0 0 1 0 0 0 
98 120 [ ] 3 600 0 0 0 0 2 2 0 0 0 0 0 0 0 0 0 0 0 0 0 0 
99 60 [ ] 2 100 0 0 0 0 0 0 0 0 0 0 0 0 3 1 0 0 0 0 0 0 
100 60 [ ] 3 300 0 0 0 0 0 0 0 0 0 0 0 0 0 0 0 0 1 0 0 0 
