tech d1 d2 d3 d4 d5 dispo
1 1 2 3 1 3 [ 1 5 6 12 16 18 19 20 ]
2 3 3 4 2 3 [ 10 13 17 19 ]
3 3 3 2 3 4 [ 5 11 14 16 ]
4 3 3 2 1 2 [ 5 6 7 10 12 13 15 19 20 ]
5 1 1 3 4 1 [ 5 7 13 20 ]
6 4 1 3 2 4 [ 5 7 17 ]
7 2 1 4 4 2 [ 1 2 4 7 8 15 16 18 19 ]
8 1 4 2 1 2 [ 1 15 17 18 19 ]
9 4 2 2 1 3 [ 2 5 9 10 14 15 ]
10 3 2 1 2 3 [ 8 11 18 ]
11 3 2 4 3 2 [ 11 15 20 ]
12 3 1 3 3 1 [ ]
13 2 1 2 2 1 [ 1 7 14 15 19 ]
14 3 3 3 2 1 [ 1 19 ]
15 3 2 2 4 1 [ 18 ]
16 2 1 4 4 4 [ 1 6 14 ]
17 3 4 1 4 1 [ 7 9 12 14 18 ]
18 1 1 3 1 4 [ 15 20 ]
19 4 3 3 4 2 [ 4 6 11 14 16 17 18 ]
20 4 3 2 3 1 [ 2 3 ]
