number time preds prio cost d1_1 d1_2 d1_3 d1_4 d1_5 d2_1 d2_2 d2_3 d2_4 d2_5 d3_1 d3_2 d3_3 d3_4 d3_5 d4_1 d4_2 d4_3 d4_4 d4_5 d5_1 d5_2 d5_3 d5_4 d5_5  
1 120 [ ] 1 100 0 0 0 0 0 0 0 0 0 0 0 0 0 0 0 0 0 0 0 0 3 2 1 0 0 
2 120 [ 1 ] 1 100 0 0 0 0 0 0 0 0 0 0 0 0 0 0 0 0 0 0 0 0 3 2 1 0 0 
3 120 [ ] 2 50 0 0 0 0 0 2 2 2 0 0 0 0 0 0 0 0 0 0 0 0 2 1 0 0 0 
4 120 [ 3 ] 2 50 0 0 0 0 0 2 2 2 0 0 0 0 0 0 0 0 0 0 0 0 2 1 0 0 0 
5 120 [ 4 ] 2 50 0 0 0 0 0 2 2 2 0 0 0 0 0 0 0 0 0 0 0 0 2 1 0 0 0 
6 30 [ ] 1 100 0 0 0 0 0 0 0 0 0 0 0 0 0 0 0 0 0 0 0 0 4 2 1 1 0 
7 15 [ ] 1 100 2 2 0 0 0 3 1 0 0 0 0 0 0 0 0 1 1 1 0 0 2 1 0 0 0 
8 15 [ ] 1 100 2 1 0 0 0 0 0 0 0 0 0 0 0 0 0 3 3 2 0 0 0 0 0 0 0 
9 120 [ ] 4 100 0 0 0 0 0 1 0 0 0 0 2 2 2 0 0 0 0 0 0 0 0 0 0 0 0 
10 120 [ ] 1 200 0 0 0 0 0 0 0 0 0 0 2 0 0 0 0 0 0 0 0 0 4 3 0 0 0 
11 120 [ 10 ] 1 200 0 0 0 0 0 0 0 0 0 0 2 0 0 0 0 0 0 0 0 0 4 3 0 0 0 
12 120 [ ] 2 50 5 5 1 1 0 4 0 0 0 0 2 1 0 0 0 3 3 1 1 0 3 3 2 2 0 
13 120 [ 12 ] 2 50 5 5 1 1 0 4 0 0 0 0 2 1 0 0 0 3 3 1 1 0 3 3 2 2 0 
14 120 [ 13 ] 2 50 5 5 1 1 0 4 0 0 0 0 2 1 0 0 0 3 3 1 1 0 3 3 2 2 0 
15 120 [ 14 ] 2 50 5 5 1 1 0 4 0 0 0 0 2 1 0 0 0 3 3 1 1 0 3 3 2 2 0 
16 120 [ ] 1 100 0 0 0 0 0 4 2 0 0 0 5 4 0 0 0 2 2 0 0 0 0 0 0 0 0 
17 120 [ 16 ] 1 100 0 0 0 0 0 4 2 0 0 0 5 4 0 0 0 2 2 0 0 0 0 0 0 0 0 
18 120 [ 17 ] 1 100 0 0 0 0 0 4 2 0 0 0 5 4 0 0 0 2 2 0 0 0 0 0 0 0 0 
19 120 [ ] 3 100 3 0 0 0 0 3 0 0 0 0 0 0 0 0 0 0 0 0 0 0 2 2 0 0 0 
20 120 [ 19 ] 3 100 3 0 0 0 0 3 0 0 0 0 0 0 0 0 0 0 0 0 0 0 2 2 0 0 0 
21 120 [ 20 ] 3 100 3 0 0 0 0 3 0 0 0 0 0 0 0 0 0 0 0 0 0 0 2 2 0 0 0 
22 120 [ 21 ] 3 100 3 0 0 0 0 3 0 0 0 0 0 0 0 0 0 0 0 0 0 0 2 2 0 0 0 
23 120 [ ] 4 100 0 0 0 0 0 0 0 0 0 0 3 3 2 2 0 3 1 0 0 0 0 0 0 0 0 
24 120 [ ] 4 200 0 0 0 0 0 0 0 0 0 0 0 0 0 0 0 0 0 0 0 0 5 1 0 0 0 
25 120 [ 24 ] 4 200 0 0 0 0 0 0 0 0 0 0 0 0 0 0 0 0 0 0 0 0 5 1 0 0 0 
26 120 [ 25 ] 4 200 0 0 0 0 0 0 0 0 0 0 0 0 0 0 0 0 0 0 0 0 5 1 0 0 0 
27 15 [ ] 1 100 0 0 0 0 0 2 1 1 1 0 0 0 0 0 0 0 0 0 0 0 0 0 0 0 0 
28 120 [ ] 1 100 4 1 0 0 0 3 0 0 0 0 3 0 0 0 0 3 0 0 0 0 4 3 0 0 0 
29 120 [ ] 1 100 0 0 0 0 0 0 0 0 0 0 0 0 0 0 0 0 0 0 0 0 2 2 2 2 0 
30 120 [ 29 ] 1 100 0 0 0 0 0 0 0 0 0 0 0 0 0 0 0 0 0 0 0 0 2 2 2 2 0 
31 120 [ 30 ] 1 100 0 0 0 0 0 0 0 0 0 0 0 0 0 0 0 0 0 0 0 0 2 2 2 2 0 
32 120 [ 31 ] 1 100 0 0 0 0 0 0 0 0 0 0 0 0 0 0 0 0 0 0 0 0 2 2 2 2 0 
33 120 [ ] 1 50 0 0 0 0 0 4 3 0 0 0 0 0 0 0 0 0 0 0 0 0 0 0 0 0 0 
34 120 [ ] 1 50 3 0 0 0 0 2 0 0 0 0 4 0 0 0 0 0 0 0 0 0 0 0 0 0 0 
35 120 [ 34 ] 1 50 3 0 0 0 0 2 0 0 0 0 4 0 0 0 0 0 0 0 0 0 0 0 0 0 0 
36 120 [ ] 1 100 3 0 0 0 0 4 3 2 0 0 0 0 0 0 0 0 0 0 0 0 0 0 0 0 0 
37 120 [ 36 ] 1 100 3 0 0 0 0 4 3 2 0 0 0 0 0 0 0 0 0 0 0 0 0 0 0 0 0 
38 120 [ 37 ] 1 100 3 0 0 0 0 4 3 2 0 0 0 0 0 0 0 0 0 0 0 0 0 0 0 0 0 
39 120 [ 38 ] 1 100 3 0 0 0 0 4 3 2 0 0 0 0 0 0 0 0 0 0 0 0 0 0 0 0 0 
40 120 [ ] 1 100 0 0 0 0 0 0 0 0 0 0 0 0 0 0 0 3 0 0 0 0 3 1 1 0 0 
41 120 [ 40 ] 1 100 0 0 0 0 0 0 0 0 0 0 0 0 0 0 0 3 0 0 0 0 3 1 1 0 0 
42 120 [ 41 ] 1 100 0 0 0 0 0 0 0 0 0 0 0 0 0 0 0 3 0 0 0 0 3 1 1 0 0 
43 120 [ 42 ] 1 100 0 0 0 0 0 0 0 0 0 0 0 0 0 0 0 3 0 0 0 0 3 1 1 0 0 
44 30 [ ] 4 100 3 2 2 1 0 0 0 0 0 0 4 0 0 0 0 0 0 0 0 0 0 0 0 0 0 
45 30 [ ] 1 50 2 0 0 0 0 0 0 0 0 0 4 3 0 0 0 0 0 0 0 0 0 0 0 0 0 
46 15 [ ] 4 100 0 0 0 0 0 0 0 0 0 0 4 3 3 3 0 0 0 0 0 0 0 0 0 0 0 
47 120 [ ] 1 100 0 0 0 0 0 0 0 0 0 0 0 0 0 0 0 3 0 0 0 0 0 0 0 0 0 
48 120 [ 47 ] 1 100 0 0 0 0 0 0 0 0 0 0 0 0 0 0 0 3 0 0 0 0 0 0 0 0 0 
49 120 [ ] 1 50 0 0 0 0 0 3 0 0 0 0 0 0 0 0 0 0 0 0 0 0 3 3 1 1 0 
50 120 [ 49 ] 1 50 0 0 0 0 0 3 0 0 0 0 0 0 0 0 0 0 0 0 0 0 3 3 1 1 0 
51 120 [ ] 1 200 0 0 0 0 0 3 2 0 0 0 4 3 3 2 0 0 0 0 0 0 3 2 2 0 0 
52 120 [ 51 ] 1 200 0 0 0 0 0 3 2 0 0 0 4 3 3 2 0 0 0 0 0 0 3 2 2 0 0 
53 120 [ ] 2 50 4 0 0 0 0 2 1 0 0 0 4 4 3 0 0 2 1 0 0 0 2 0 0 0 0 
54 120 [ 53 ] 2 50 4 0 0 0 0 2 1 0 0 0 4 4 3 0 0 2 1 0 0 0 2 0 0 0 0 
55 120 [ 54 ] 2 50 4 0 0 0 0 2 1 0 0 0 4 4 3 0 0 2 1 0 0 0 2 0 0 0 0 
56 120 [ 55 ] 2 50 4 0 0 0 0 2 1 0 0 0 4 4 3 0 0 2 1 0 0 0 2 0 0 0 0 
57 120 [ ] 1 50 2 2 1 1 0 4 3 0 0 0 4 3 0 0 0 0 0 0 0 0 0 0 0 0 0 
58 120 [ ] 1 200 0 0 0 0 0 0 0 0 0 0 3 2 1 0 0 0 0 0 0 0 0 0 0 0 0 
59 120 [ 58 ] 1 200 0 0 0 0 0 0 0 0 0 0 3 2 1 0 0 0 0 0 0 0 0 0 0 0 0 
60 120 [ 59 ] 1 200 0 0 0 0 0 0 0 0 0 0 3 2 1 0 0 0 0 0 0 0 0 0 0 0 0 
61 15 [ ] 1 50 0 0 0 0 0 0 0 0 0 0 2 0 0 0 0 0 0 0 0 0 3 2 0 0 0 
62 15 [ ] 1 100 0 0 0 0 0 0 0 0 0 0 4 0 0 0 0 0 0 0 0 0 0 0 0 0 0 
63 30 [ ] 3 100 0 0 0 0 0 4 0 0 0 0 0 0 0 0 0 0 0 0 0 0 0 0 0 0 0 
64 15 [ ] 2 50 0 0 0 0 0 4 4 3 2 0 3 0 0 0 0 4 0 0 0 0 0 0 0 0 0 
65 30 [ ] 3 50 3 3 0 0 0 0 0 0 0 0 0 0 0 0 0 0 0 0 0 0 3 3 3 2 0 
66 120 [ ] 1 50 4 2 0 0 0 0 0 0 0 0 0 0 0 0 0 0 0 0 0 0 0 0 0 0 0 
67 120 [ 66 ] 1 50 4 2 0 0 0 0 0 0 0 0 0 0 0 0 0 0 0 0 0 0 0 0 0 0 0 
68 120 [ 67 ] 1 50 4 2 0 0 0 0 0 0 0 0 0 0 0 0 0 0 0 0 0 0 0 0 0 0 0 
69 120 [ 68 ] 1 50 4 2 0 0 0 0 0 0 0 0 0 0 0 0 0 0 0 0 0 0 0 0 0 0 0 
70 15 [ ] 1 100 0 0 0 0 0 0 0 0 0 0 0 0 0 0 0 0 0 0 0 0 2 2 0 0 0 
71 15 [ ] 1 200 0 0 0 0 0 0 0 0 0 0 0 0 0 0 0 0 0 0 0 0 2 2 1 0 0 
72 120 [ ] 1 50 0 0 0 0 0 2 2 0 0 0 0 0 0 0 0 0 0 0 0 0 0 0 0 0 0 
73 30 [ ] 1 100 2 0 0 0 0 2 2 0 0 0 2 0 0 0 0 2 1 1 0 0 2 2 1 0 0 
74 30 [ ] 1 100 3 0 0 0 0 3 3 0 0 0 2 1 0 0 0 2 1 1 0 0 5 0 0 0 0 
75 120 [ ] 3 100 0 0 0 0 0 0 0 0 0 0 0 0 0 0 0 4 0 0 0 0 0 0 0 0 0 
76 120 [ 75 ] 3 100 0 0 0 0 0 0 0 0 0 0 0 0 0 0 0 4 0 0 0 0 0 0 0 0 0 
77 120 [ 76 ] 3 100 0 0 0 0 0 0 0 0 0 0 0 0 0 0 0 4 0 0 0 0 0 0 0 0 0 
78 120 [ 77 ] 3 100 0 0 0 0 0 0 0 0 0 0 0 0 0 0 0 4 0 0 0 0 0 0 0 0 0 
79 30 [ ] 1 100 2 1 0 0 0 0 0 0 0 0 0 0 0 0 0 2 1 1 0 0 0 0 0 0 0 
80 15 [ ] 1 100 2 2 2 0 0 0 0 0 0 0 0 0 0 0 0 0 0 0 0 0 5 0 0 0 0 
81 30 [ ] 1 50 0 0 0 0 0 0 0 0 0 0 3 3 0 0 0 0 0 0 0 0 0 0 0 0 0 
82 15 [ ] 1 50 0 0 0 0 0 4 0 0 0 0 0 0 0 0 0 0 0 0 0 0 3 3 0 0 0 
83 30 [ ] 1 100 2 1 0 0 0 0 0 0 0 0 0 0 0 0 0 0 0 0 0 0 0 0 0 0 0 
84 120 [ ] 1 100 4 3 2 0 0 0 0 0 0 0 4 4 3 2 0 3 0 0 0 0 2 2 1 1 0 
85 120 [ 84 ] 1 100 4 3 2 0 0 0 0 0 0 0 4 4 3 2 0 3 0 0 0 0 2 2 1 1 0 
86 15 [ ] 1 30 0 0 0 0 0 4 0 0 0 0 0 0 0 0 0 2 2 0 0 0 3 2 0 0 0 
87 120 [ ] 1 100 0 0 0 0 0 0 0 0 0 0 0 0 0 0 0 4 0 0 0 0 0 0 0 0 0 
88 120 [ 87 ] 1 100 0 0 0 0 0 0 0 0 0 0 0 0 0 0 0 4 0 0 0 0 0 0 0 0 0 
89 30 [ ] 1 50 3 2 2 0 0 2 2 2 1 0 2 0 0 0 0 5 3 1 0 0 4 0 0 0 0 
90 120 [ ] 1 100 2 1 1 0 0 3 3 3 2 0 1 1 1 0 0 4 0 0 0 0 2 0 0 0 0 
91 120 [ 90 ] 1 100 2 1 1 0 0 3 3 3 2 0 1 1 1 0 0 4 0 0 0 0 2 0 0 0 0 
92 120 [ 91 ] 1 100 2 1 1 0 0 3 3 3 2 0 1 1 1 0 0 4 0 0 0 0 2 0 0 0 0 
93 120 [ ] 1 100 4 2 2 0 0 0 0 0 0 0 2 0 0 0 0 5 5 2 0 0 0 0 0 0 0 
94 120 [ 93 ] 1 100 4 2 2 0 0 0 0 0 0 0 2 0 0 0 0 5 5 2 0 0 0 0 0 0 0 
95 120 [ 94 ] 1 100 4 2 2 0 0 0 0 0 0 0 2 0 0 0 0 5 5 2 0 0 0 0 0 0 0 
96 120 [ ] 1 200 4 0 0 0 0 0 0 0 0 0 0 0 0 0 0 0 0 0 0 0 2 0 0 0 0 
97 30 [ ] 1 50 3 1 1 1 0 4 0 0 0 0 2 0 0 0 0 4 4 3 0 0 3 2 2 1 0 
98 120 [ ] 1 50 0 0 0 0 0 0 0 0 0 0 4 3 0 0 0 0 0 0 0 0 0 0 0 0 0 
99 120 [ 98 ] 1 50 0 0 0 0 0 0 0 0 0 0 4 3 0 0 0 0 0 0 0 0 0 0 0 0 0 
100 120 [ 99 ] 1 50 0 0 0 0 0 0 0 0 0 0 4 3 0 0 0 0 0 0 0 0 0 0 0 0 0 
101 120 [ 100 ] 1 50 0 0 0 0 0 0 0 0 0 0 4 3 0 0 0 0 0 0 0 0 0 0 0 0 0 
102 30 [ ] 1 50 0 0 0 0 0 0 0 0 0 0 2 1 1 0 0 0 0 0 0 0 0 0 0 0 0 
103 120 [ ] 2 200 2 1 0 0 0 3 2 0 0 0 3 2 2 0 0 0 0 0 0 0 0 0 0 0 0 
104 120 [ 103 ] 2 200 2 1 0 0 0 3 2 0 0 0 3 2 2 0 0 0 0 0 0 0 0 0 0 0 0 
105 120 [ 104 ] 2 200 2 1 0 0 0 3 2 0 0 0 3 2 2 0 0 0 0 0 0 0 0 0 0 0 0 
106 120 [ ] 1 50 0 0 0 0 0 0 0 0 0 0 4 3 0 0 0 0 0 0 0 0 0 0 0 0 0 
107 15 [ ] 1 50 0 0 0 0 0 0 0 0 0 0 4 4 0 0 0 0 0 0 0 0 0 0 0 0 0 
108 15 [ ] 1 200 0 0 0 0 0 0 0 0 0 0 2 1 0 0 0 3 0 0 0 0 0 0 0 0 0 
109 120 [ ] 1 200 0 0 0 0 0 0 0 0 0 0 3 3 0 0 0 0 0 0 0 0 0 0 0 0 0 
110 120 [ ] 2 30 4 3 2 0 0 2 2 1 1 0 2 1 0 0 0 5 0 0 0 0 4 4 4 3 0 
111 120 [ 110 ] 2 30 4 3 2 0 0 2 2 1 1 0 2 1 0 0 0 5 0 0 0 0 4 4 4 3 0 
112 120 [ ] 1 100 0 0 0 0 0 4 0 0 0 0 4 3 0 0 0 0 0 0 0 0 0 0 0 0 0 
113 120 [ 112 ] 1 100 0 0 0 0 0 4 0 0 0 0 4 3 0 0 0 0 0 0 0 0 0 0 0 0 0 
114 120 [ 113 ] 1 100 0 0 0 0 0 4 0 0 0 0 4 3 0 0 0 0 0 0 0 0 0 0 0 0 0 
115 120 [ 114 ] 1 100 0 0 0 0 0 4 0 0 0 0 4 3 0 0 0 0 0 0 0 0 0 0 0 0 0 
116 30 [ ] 1 200 3 3 3 0 0 4 0 0 0 0 0 0 0 0 0 2 1 1 0 0 2 2 2 0 0 
117 30 [ ] 2 200 0 0 0 0 0 0 0 0 0 0 4 4 4 2 0 0 0 0 0 0 0 0 0 0 0 
118 120 [ ] 1 50 0 0 0 0 0 0 0 0 0 0 0 0 0 0 0 3 3 2 2 0 0 0 0 0 0 
119 120 [ 118 ] 1 50 0 0 0 0 0 0 0 0 0 0 0 0 0 0 0 3 3 2 2 0 0 0 0 0 0 
120 120 [ 119 ] 1 50 0 0 0 0 0 0 0 0 0 0 0 0 0 0 0 3 3 2 2 0 0 0 0 0 0 
