number time preds prio cost d1_1 d1_2 d1_3 d1_4 d2_1 d2_2 d2_3 d2_4 d3_1 d3_2 d3_3 d3_4 d4_1 d4_2 d4_3 d4_4 d5_1 d5_2 d5_3 d5_4 d6_1 d6_2 d6_3 d6_4 d7_1 d7_2 d7_3 d7_4  
1 30 [ ] 1 50 0 0 0 0 1 1 0 0 1 1 1 0 1 1 1 1 3 2 2 0 1 1 1 1 1 0 0 0 
2 120 [ ] 1 40 1 1 1 1 1 1 0 0 3 3 0 0 1 1 1 0 0 0 0 0 0 0 0 0 0 0 0 0 
3 120 [ ] 1 50 0 0 0 0 0 0 0 0 0 0 0 0 0 0 0 0 0 0 0 0 1 1 1 0 0 0 0 0 
4 120 [ 1 2 3 ] 1 50 1 1 0 0 1 1 1 1 0 0 0 0 0 0 0 0 0 0 0 0 3 3 3 3 0 0 0 0 
5 120 [ 4 ] 4 50 1 1 0 0 1 1 1 1 0 0 0 0 0 0 0 0 0 0 0 0 3 3 3 3 0 0 0 0 
6 120 [ 5 ] 4 50 1 1 0 0 1 1 1 1 0 0 0 0 0 0 0 0 0 0 0 0 3 3 3 3 0 0 0 0 
7 120 [ 6 ] 4 50 1 1 0 0 1 1 1 1 0 0 0 0 0 0 0 0 0 0 0 0 3 3 3 3 0 0 0 0 
8 120 [ ] 1 50 0 0 0 0 0 0 0 0 0 0 0 0 0 0 0 0 1 1 1 0 0 0 0 0 0 0 0 0 
9 120 [ 8 ] 1 100 0 0 0 0 4 3 3 2 0 0 0 0 0 0 0 0 0 0 0 0 0 0 0 0 0 0 0 0 
10 120 [ 9 ] 1 100 0 0 0 0 4 3 3 2 0 0 0 0 0 0 0 0 0 0 0 0 0 0 0 0 0 0 0 0 
11 120 [ 10 ] 1 100 0 0 0 0 4 3 3 2 0 0 0 0 0 0 0 0 0 0 0 0 0 0 0 0 0 0 0 0 
12 120 [ 10 11 ] 1 20 0 0 0 0 0 0 0 0 0 0 0 0 0 0 0 0 1 1 1 1 0 0 0 0 0 0 0 0  
13 120 [ 12 ] 1 20 0 0 0 0 0 0 0 0 0 0 0 0 0 0 0 0 1 1 1 1 0 0 0 0 0 0 0 0 
14 120 [ 13 ] 1 20 0 0 0 0 0 0 0 0 0 0 0 0 0 0 0 0 1 1 1 1 0 0 0 0 0 0 0 0 
15 120 [ 14 ] 1 20 0 0 0 0 0 0 0 0 0 0 0 0 0 0 0 0 1 1 1 1 0 0 0 0 0 0 0 0 
16 120 [ ] 2 100 0 0 0 0 0 0 0 0 0 0 0 0 0 0 0 0 0 0 0 0 1 0 0 0 0 0 0 0 
17 60 [ ] 1 40 0 0 0 0 0 0 0 0 0 0 0 0 0 0 0 0 1 0 0 0 0 0 0 0 1 1 1 1 
18 60 [ 16 17 ] 2 50 0 0 0 0 0 0 0 0 0 0 0 0 3 2 2 2 0 0 0 0 0 0 0 0 0 0 0 0 
19 120 [ 18 ] 2 20 1 1 1 1 0 0 0 0 0 0 0 0 0 0 0 0 0 0 0 0 0 0 0 0 0 0 0 0 
20 120 [ 19 ] 2 20 1 1 1 1 0 0 0 0 0 0 0 0 0 0 0 0 0 0 0 0 0 0 0 0 0 0 0 0 
21 120 [ 20 ] 2 20 1 1 1 1 0 0 0 0 0 0 0 0 0 0 0 0 0 0 0 0 0 0 0 0 0 0 0 0 
22 60 [ ] 1 50 0 0 0 0 1 1 1 1 0 0 0 0 0 0 0 0 1 0 0 0 0 0 0 0 0 0 0 0 
23 60 [ 21 22 ] 2 50 0 0 0 0 0 0 0 0 0 0 0 0 0 0 0 0 0 0 0 0 1 1 1 1 0 0 0 0 
24 60 [ ] 1 20 1 0 0 0 0 0 0 0 0 0 0 0 0 0 0 0 0 0 0 0 0 0 0 0 0 0 0 0 
25 60 [ ] 1 50 0 0 0 0 0 0 0 0 0 0 0 0 4 0 0 0 0 0 0 0 0 0 0 0 0 0 0 0 
26 120 [ ] 1 20 0 0 0 0 1 1 1 1 0 0 0 0 1 0 0 0 0 0 0 0 0 0 0 0 0 0 0 0 
27 120 [ 26 ] 1 20 0 0 0 0 1 1 1 1 0 0 0 0 1 0 0 0 0 0 0 0 0 0 0 0 0 0 0 0 
28 120 [ 27 ] 1 20 0 0 0 0 1 1 1 1 0 0 0 0 1 0 0 0 0 0 0 0 0 0 0 0 0 0 0 0 
29 60 [ ] 4 20 0 0 0 0 0 0 0 0 0 0 0 0 0 0 0 0 0 0 0 0 0 0 0 0 1 1 0 0 
30 60 [ ] 3 100 0 0 0 0 0 0 0 0 0 0 0 0 0 0 0 0 5 0 0 0 0 0 0 0 0 0 0 0 
31 120 [ 29 30 ] 4 50 0 0 0 0 5 0 0 0 0 0 0 0 0 0 0 0 0 0 0 0 0 0 0 0 0 0 0 0  
32 120 [ 31 ] 4 50 0 0 0 0 5 0 0 0 0 0 0 0 0 0 0 0 0 0 0 0 0 0 0 0 0 0 0 0 
33 120 [ 32 ] 4 50 0 0 0 0 5 0 0 0 0 0 0 0 0 0 0 0 0 0 0 0 0 0 0 0 0 0 0 0 
34 120 [ 33 ] 4 50 0 0 0 0 5 0 0 0 0 0 0 0 0 0 0 0 0 0 0 0 0 0 0 0 0 0 0 0 
35 60 [ ] 1 50 0 0 0 0 0 0 0 0 0 0 0 0 0 0 0 0 1 0 0 0 0 0 0 0 0 0 0 0 
36 60 [ ] 2 100 0 0 0 0 0 0 0 0 0 0 0 0 0 0 0 0 0 0 0 0 0 0 0 0 2 0 0 0 
37 30 [ ] 3 50 0 0 0 0 0 0 0 0 0 0 0 0 1 1 1 0 1 1 1 1 1 0 0 0 0 0 0 0 
38 120 [ 36 37 ] 3 100 0 0 0 0 0 0 0 0 1 1 1 0 0 0 0 0 0 0 0 0 1 1 1 1 0 0 0 0 
39 120 [ 36 ] 2 100 1 1 0 0 0 0 0 0 3 2 2 1 1 0 0 0 0 0 0 0 1 1 0 0 0 0 0 0 
40 120 [ 37 38 39 ] 4 100 1 1 1 0 0 0 0 0 0 0 0 0 0 0 0 0 0 0 0 0 0 0 0 0 0 0 0 0 
41 30 [ ] 4 40 0 0 0 0 0 0 0 0 0 0 0 0 0 0 0 0 2 0 0 0 0 0 0 0 0 0 0 0 
42 60 [ ] 3 20 3 3 2 1 0 0 0 0 0 0 0 0 0 0 0 0 0 0 0 0 0 0 0 0 0 0 0 0 
43 120 [ ] 1 50 2 2 0 0 0 0 0 0 0 0 0 0 0 0 0 0 0 0 0 0 0 0 0 0 1 1 0 0 
44 120 [ 43 ] 1 50 2 2 0 0 0 0 0 0 0 0 0 0 0 0 0 0 0 0 0 0 0 0 0 0 0 0 0 0 
45 120 [ 44 ] 1 50 2 2 0 0 0 0 0 0 0 0 0 0 0 0 0 0 0 0 0 0 0 0 0 0 0 0 0 0 
46 120 [ 45 ] 1 50 2 2 0 0 0 0 0 0 0 0 0 0 0 0 0 0 0 0 0 0 0 0 0 0 0 0 0 0 
47 120 [ 46 ] 1 50 2 2 0 0 0 0 0 0 0 0 0 0 0 0 0 0 0 0 0 0 0 0 0 0 0 0 0 0 
48 120 [ 47 ] 1 50 1 1 1 0 0 0 0 0 0 0 0 0 0 0 0 0 0 0 0 0 0 0 0 0 0 0 0 0 
49 120 [ 48 ] 1 50 1 1 1 0 0 0 0 0 0 0 0 0 0 0 0 0 0 0 0 0 0 0 0 0 0 0 0 0 
50 120 [ 49 ] 1 50 2 2 0 0 0 0 0 0 0 0 0 0 0 0 0 0 0 0 0 0 0 0 0 0 0 0 0 0
51 120 [ 50 ] 1 50 2 2 0 0 0 0 0 0 0 0 0 0 0 0 0 0 0 0 0 0 0 0 0 0 0 0 0 0 
52 120 [ 51 ] 1 50 3 2 1 0 0 0 0 0 0 0 0 0 0 0 0 0 0 0 0 0 0 0 0 0 1 0 0 0 
53 60 [ ] 1 40 1 0 0 0 0 0 0 0 0 0 0 0 0 0 0 0 0 0 0 0 2 1 0 0 0 0 0 0 
54 120 [ ] 1 50 0 0 0 0 0 0 0 0 0 0 0 0 0 0 0 0 0 0 0 0 4 2 1 0 0 0 0 0 
55 120 [ ] 1 50 0 0 0 0 0 0 0 0 0 0 0 0 0 0 0 0 0 0 0 0 3 2 2 0 0 0 0 0 
56 120 [ 55 ] 1 50 0 0 0 0 0 0 0 0 0 0 0 0 0 0 0 0 0 0 0 0 3 2 2 0 0 0 0 0 
57 120 [ 56 ] 1 50 0 0 0 0 0 0 0 0 0 0 0 0 0 0 0 0 0 0 0 0 3 2 2 0 0 0 0 0 
58 120 [ 57 ] 1 50 0 0 0 0 0 0 0 0 0 0 0 0 0 0 0 0 0 0 0 0 3 2 2 0 0 0 0 0 
59 120 [ 58 ] 1 50 0 0 0 0 0 0 0 0 0 0 0 0 0 0 0 0 0 0 0 0 3 2 2 0 0 0 0 0 
60 120 [ 57 58 59 ] 1 40 0 0 0 0 0 0 0 0 0 0 0 0 0 0 0 0 0 0 0 0 1 1 1 0 0 0 0 0 
61 120 [ 60 ] 1 40 0 0 0 0 0 0 0 0 0 0 0 0 0 0 0 0 0 0 0 0 1 1 1 0 0 0 0 0 
62 120 [ 61 ] 1 40 0 0 0 0 0 0 0 0 0 0 0 0 0 0 0 0 0 0 0 0 1 1 1 0 0 0 0 0 
63 120 [ ] 1 50 0 0 0 0 0 0 0 0 0 0 0 0 1 0 0 0 0 0 0 0 0 0 0 0 0 0 0 0 
64 120 [ 63 ] 1 50 0 0 0 0 0 0 0 0 0 0 0 0 1 0 0 0 0 0 0 0 0 0 0 0 0 0 0 0 
65 120 [ 64 ] 1 50 0 0 0 0 0 0 0 0 0 0 0 0 1 0 0 0 0 0 0 0 0 0 0 0 0 0 0 0 
66 120 [ 65 ] 1 50 0 0 0 0 0 0 0 0 0 0 0 0 1 0 0 0 0 0 0 0 0 0 0 0 0 0 0 0 
67 120 [ 64 65 66 ] 1 20 0 0 0 0 0 0 0 0 4 2 0 0 0 0 0 0 0 0 0 0 1 1 1 0 0 0 0 0 
68 120 [ 67 ] 1 20 0 0 0 0 0 0 0 0 4 2 0 0 0 0 0 0 0 0 0 0 1 1 1 0 0 0 0 0 
69 120 [ 68 ] 1 20 0 0 0 0 0 0 0 0 4 2 0 0 0 0 0 0 0 0 0 0 1 1 1 0 0 0 0 0 
70 120 [ 69 ] 1 20 0 0 0 0 0 0 0 0 4 2 0 0 0 0 0 0 0 0 0 0 1 1 1 0 0 0 0 0 
71 120 [ 70 ] 1 20 0 0 0 0 0 0 0 0 4 2 0 0 0 0 0 0 0 0 0 0 1 1 1 0 0 0 0 0 
72 60 [ 69 70 71 ] 2 100 0 0 0 0 0 0 0 0 0 0 0 0 1 1 1 0 0 0 0 0 0 0 0 0 0 0 0 0 
73 60 [ ] 1 50 1 1 1 1 0 0 0 0 0 0 0 0 0 0 0 0 0 0 0 0 0 0 0 0 0 0 0 0 
74 60 [ ] 2 40 1 1 1 0 1 1 1 1 1 1 1 1 1 1 1 0 1 1 0 0 1 1 1 0 1 1 1 0 
75 120 [ 73 74 ] 2 100 0 0 0 0 2 2 1 0 0 0 0 0 0 0 0 0 0 0 0 0 0 0 0 0 0 0 0 0 
76 120 [ 75 ] 2 100 0 0 0 0 2 2 1 0 0 0 0 0 0 0 0 0 0 0 0 0 0 0 0 0 0 0 0 0 
77 120 [ 76 ] 2 100 0 0 0 0 2 2 1 0 0 0 0 0 0 0 0 0 0 0 0 0 0 0 0 0 0 0 0 0 
78 120 [ ] 3 50 0 0 0 0 0 0 0 0 0 0 0 0 0 0 0 0 0 0 0 0 0 0 0 0 1 1 1 0 
79 120 [ ] 3 50 5 3 2 1 0 0 0 0 0 0 0 0 0 0 0 0 0 0 0 0 0 0 0 0 0 0 0 0 
80 120 [ 79 ] 3 50 5 3 2 1 0 0 0 0 0 0 0 0 0 0 0 0 0 0 0 0 0 0 0 0 0 0 0 0 
81 30 [ ] 1 50 0 0 0 0 0 0 0 0 0 0 0 0 0 0 0 0 0 0 0 0 1 1 1 1 0 0 0 0 
82 120 [ ] 1 40 0 0 0 0 0 0 0 0 0 0 0 0 0 0 0 0 0 0 0 0 1 1 1 1 0 0 0 0 
83 120 [ 82 ] 1 40 0 0 0 0 0 0 0 0 0 0 0 0 0 0 0 0 0 0 0 0 1 1 1 1 0 0 0 0 
84 120 [ 83 ] 1 40 0 0 0 0 0 0 0 0 0 0 0 0 0 0 0 0 0 0 0 0 1 1 1 1 0 0 0 0 
85 120 [ 84 ] 1 40 0 0 0 0 0 0 0 0 0 0 0 0 0 0 0 0 0 0 0 0 1 1 1 1 0 0 0 0 
86 120 [ 85 ] 1 40 0 0 0 0 0 0 0 0 0 0 0 0 0 0 0 0 0 0 0 0 1 1 1 1 0 0 0 0 
87 120 [ ] 1 50 1 0 0 0 0 0 0 0 0 0 0 0 0 0 0 0 0 0 0 0 0 0 0 0 0 0 0 0 
88 120 [ 87 ] 1 50 1 0 0 0 0 0 0 0 0 0 0 0 0 0 0 0 0 0 0 0 0 0 0 0 0 0 0 0 
89 30 [ ] 1 20 0 0 0 0 0 0 0 0 0 0 0 0 1 1 1 1 0 0 0 0 0 0 0 0 0 0 0 0 
90 30 [ ] 1 50 0 0 0 0 0 0 0 0 0 0 0 0 1 1 1 1 0 0 0 0 0 0 0 0 0 0 0 0 
91 60 [ 90 ] 4 50 0 0 0 0 1 1 0 0 0 0 0 0 0 0 0 0 0 0 0 0 0 0 0 0 0 0 0 0 
92 60 [ 89 90 91 ] 4 100 2 1 1 0 0 0 0 0 0 0 0 0 1 0 0 0 5 2 1 0 1 1 0 0 1 1 1 1 
93 60 [ ] 1 40 1 1 1 1 0 0 0 0 0 0 0 0 0 0 0 0 0 0 0 0 0 0 0 0 0 0 0 0 
94 60 [ 91 92 93 ] 4 20 0 0 0 0 0 0 0 0 1 1 1 0 0 0 0 0 0 0 0 0 0 0 0 0 0 0 0 0 
95 120 [ ] 4 50 5 2 0 0 0 0 0 0 0 0 0 0 0 0 0 0 0 0 0 0 0 0 0 0 0 0 0 0 
96 120 [ 95 ] 4 50 5 2 0 0 0 0 0 0 0 0 0 0 0 0 0 0 0 0 0 0 0 0 0 0 0 0 0 0 
97 120 [ 96 ] 4 50 5 2 0 0 0 0 0 0 0 0 0 0 0 0 0 0 0 0 0 0 0 0 0 0 0 0 0 0 
98 120 [ 97 ] 4 50 5 2 0 0 0 0 0 0 0 0 0 0 0 0 0 0 0 0 0 0 0 0 0 0 0 0 0 0 
99 120 [ ] 3 50 4 2 2 1 0 0 0 0 0 0 0 0 0 0 0 0 0 0 0 0 0 0 0 0 0 0 0 0 
100 120 [ 99 ] 3 50 4 2 2 1 0 0 0 0 0 0 0 0 0 0 0 0 0 0 0 0 0 0 0 0 0 0 0 0 
101 120 [ 99 100 ] 3 100 4 4 4 2 0 0 0 0 0 0 0 0 0 0 0 0 0 0 0 0 0 0 0 0 0 0 0 0 
102 120 [ 101 ] 3 100 4 4 4 2 0 0 0 0 0 0 0 0 0 0 0 0 0 0 0 0 0 0 0 0 0 0 0 0 
103 120 [ 102 ] 3 100 4 4 4 2 0 0 0 0 0 0 0 0 0 0 0 0 0 0 0 0 0 0 0 0 0 0 0 0 
104 120 [ ] 1 50 1 1 1 1 1 1 1 0 0 0 0 0 0 0 0 0 0 0 0 0 0 0 0 0 0 0 0 0 
105 120 [ 103 104 ] 3 50 0 0 0 0 3 1 0 0 0 0 0 0 0 0 0 0 0 0 0 0 0 0 0 0 0 0 0 0 
106 120 [ 105 ] 3 50 0 0 0 0 3 1 0 0 0 0 0 0 0 0 0 0 0 0 0 0 0 0 0 0 0 0 0 0 
107 120 [ 106 ] 3 50 0 0 0 0 3 1 0 0 0 0 0 0 0 0 0 0 0 0 0 0 0 0 0 0 0 0 0 0 
108 120 [ 107 ] 3 50 0 0 0 0 3 1 0 0 0 0 0 0 0 0 0 0 0 0 0 0 0 0 0 0 0 0 0 0 
109 120 [ 108 ] 3 50 0 0 0 0 3 1 0 0 0 0 0 0 0 0 0 0 0 0 0 0 0 0 0 0 0 0 0 0 
110 30 [ ] 1 100 0 0 0 0 0 0 0 0 0 0 0 0 0 0 0 0 0 0 0 0 0 0 0 0 1 0 0 0 
111 60 [ ] 4 100 1 1 1 1 0 0 0 0 0 0 0 0 0 0 0 0 0 0 0 0 0 0 0 0 0 0 0 0 
112 60 [ 109 110 111 ] 4 100 1 1 1 1 5 2 0 0 1 1 1 1 3 3 0 0 1 0 0 0 0 0 0 0 3 0 0 0 
113 60 [ ] 1 100 0 0 0 0 0 0 0 0 1 1 1 0 0 0 0 0 0 0 0 0 0 0 0 0 0 0 0 0 
114 60 [ ] 3 20 1 0 0 0 0 0 0 0 5 2 2 1 1 0 0 0 0 0 0 0 1 1 1 1 1 0 0 0 
115 30 [ 113 114 ] 4 50 0 0 0 0 0 0 0 0 0 0 0 0 0 0 0 0 0 0 0 0 1 1 1 1 0 0 0 0 
116 60 [ ] 1 20 1 1 0 0 0 0 0 0 1 1 1 0 0 0 0 0 0 0 0 0 0 0 0 0 0 0 0 0 
117 60 [ 115 116 ] 4 50 0 0 0 0 0 0 0 0 1 1 1 1 0 0 0 0 0 0 0 0 0 0 0 0 0 0 0 0 
118 30 [ 115 116 117 ] 4 50 0 0 0 0 5 3 0 0 5 4 3 2 3 3 0 0 1 1 1 0 1 0 0 0 1 1 0 0 
119 60 [ 116 117 118 ] 4 50 0 0 0 0 0 0 0 0 0 0 0 0 4 3 3 2 0 0 0 0 0 0 0 0 0 0 0 0 
120 120 [ 117 118 119 ] 4 100 0 0 0 0 0 0 0 0 0 0 0 0 0 0 0 0 1 1 0 0 0 0 0 0 0 0 0 0 
121 120 [ ] 1 50 0 0 0 0 0 0 0 0 0 0 0 0 1 1 1 0 0 0 0 0 0 0 0 0 0 0 0 0 
122 120 [ 121 ] 1 50 0 0 0 0 0 0 0 0 0 0 0 0 1 1 1 0 0 0 0 0 0 0 0 0 0 0 0 0 
123 120 [ 122 ] 1 50 0 0 0 0 0 0 0 0 0 0 0 0 1 1 1 0 0 0 0 0 0 0 0 0 0 0 0 0 
124 60 [ 121 122 123 ] 3 100 0 0 0 0 0 0 0 0 0 0 0 0 0 0 0 0 0 0 0 0 0 0 0 0 1 1 0 0 
125 120 [ 122 123 124 ] 3 50 1 0 0 0 0 0 0 0 0 0 0 0 0 0 0 0 0 0 0 0 0 0 0 0 0 0 0 0 
126 120 [ 125 ] 3 50 1 0 0 0 0 0 0 0 0 0 0 0 0 0 0 0 0 0 0 0 0 0 0 0 0 0 0 0 
127 120 [ 126 ] 3 50 1 0 0 0 0 0 0 0 0 0 0 0 0 0 0 0 0 0 0 0 0 0 0 0 0 0 0 0 
128 60 [ ] 1 40 0 0 0 0 0 0 0 0 0 0 0 0 1 1 0 0 0 0 0 0 0 0 0 0 0 0 0 0 
129 60 [ ] 3 50 0 0 0 0 1 0 0 0 0 0 0 0 1 1 1 0 1 1 0 0 0 0 0 0 0 0 0 0 
130 120 [ 128 129 ] 3 100 0 0 0 0 0 0 0 0 0 0 0 0 0 0 0 0 0 0 0 0 1 1 1 0 0 0 0 0 
131 120 [ 130 ] 3 100 0 0 0 0 0 0 0 0 0 0 0 0 0 0 0 0 0 0 0 0 1 1 1 0 0 0 0 0 
132 120 [ 131 ] 3 100 0 0 0 0 0 0 0 0 0 0 0 0 0 0 0 0 0 0 0 0 1 1 1 0 0 0 0 0 
133 120 [ 132 ] 3 100 0 0 0 0 0 0 0 0 0 0 0 0 0 0 0 0 0 0 0 0 1 1 1 0 0 0 0 0 
134 120 [ 133 ] 3 100 0 0 0 0 0 0 0 0 0 0 0 0 0 0 0 0 0 0 0 0 1 1 1 0 0 0 0 0 
135 120 [ ] 3 100 1 1 1 1 1 1 0 0 0 0 0 0 0 0 0 0 1 1 0 0 3 2 2 1 0 0 0 0 
136 120 [ ] 1 100 1 1 1 1 0 0 0 0 0 0 0 0 0 0 0 0 0 0 0 0 0 0 0 0 0 0 0 0 
137 120 [ ] 1 100 0 0 0 0 0 0 0 0 0 0 0 0 0 0 0 0 0 0 0 0 0 0 0 0 2 0 0 0 
138 120 [ 137 ] 1 100 0 0 0 0 0 0 0 0 0 0 0 0 0 0 0 0 0 0 0 0 0 0 0 0 2 0 0 0 
139 120 [ 138 ] 1 100 0 0 0 0 0 0 0 0 0 0 0 0 0 0 0 0 0 0 0 0 0 0 0 0 2 0 0 0 
140 120 [ 139 ] 1 100 0 0 0 0 0 0 0 0 0 0 0 0 0 0 0 0 0 0 0 0 0 0 0 0 2 0 0 0 
141 120 [ 140 ] 1 100 0 0 0 0 0 0 0 0 0 0 0 0 0 0 0 0 0 0 0 0 0 0 0 0 2 0 0 0 
142 60 [ 141 ] 2 50 0 0 0 0 0 0 0 0 0 0 0 0 0 0 0 0 0 0 0 0 0 0 0 0 3 1 1 1 
143 120 [ ] 3 20 1 1 0 0 0 0 0 0 0 0 0 0 0 0 0 0 0 0 0 0 0 0 0 0 0 0 0 0 
144 120 [ ] 3 20 1 1 1 0 0 0 0 0 0 0 0 0 0 0 0 0 0 0 0 0 0 0 0 0 0 0 0 0 
145 60 [ 142 143 144 ] 3 50 0 0 0 0 0 0 0 0 1 0 0 0 0 0 0 0 0 0 0 0 1 0 0 0 1 0 0 0 
146 120 [ ] 1 20 0 0 0 0 1 0 0 0 0 0 0 0 0 0 0 0 0 0 0 0 0 0 0 0 0 0 0 0 
147 120 [ 144 145 146 ] 4 50 1 0 0 0 0 0 0 0 0 0 0 0 0 0 0 0 0 0 0 0 0 0 0 0 0 0 0 0 
148 120 [ ] 2 40 1 0 0 0 0 0 0 0 1 1 1 1 1 1 0 0 1 0 0 0 0 0 0 0 0 0 0 0 
149 120 [ 148 ] 2 40 1 0 0 0 0 0 0 0 1 1 1 1 1 1 0 0 1 0 0 0 0 0 0 0 0 0 0 0 
150 120 [ 149 ] 2 40 1 0 0 0 0 0 0 0 1 1 1 1 1 1 0 0 1 0 0 0 0 0 0 0 0 0 0 0 
151 120 [ 150 ] 2 40 1 0 0 0 0 0 0 0 1 1 1 1 1 1 0 0 1 0 0 0 0 0 0 0 0 0 0 0 
152 120 [ 151 ] 2 40 1 0 0 0 0 0 0 0 1 1 1 1 1 1 0 0 1 0 0 0 0 0 0 0 0 0 0 0 
153 30 [ ] 3 100 4 4 4 2 0 0 0 0 0 0 0 0 0 0 0 0 0 0 0 0 0 0 0 0 0 0 0 0 
154 30 [ 153 ] 4 50 0 0 0 0 1 1 1 1 4 2 0 0 0 0 0 0 1 0 0 0 0 0 0 0 0 0 0 0 
155 120 [ 152 153 154 ] 4 100 2 1 1 1 1 1 1 0 0 0 0 0 0 0 0 0 5 0 0 0 1 0 0 0 1 1 1 1 
156 120 [ 154 155 ] 4 40 1 1 1 0 5 3 1 0 0 0 0 0 5 0 0 0 0 0 0 0 0 0 0 0 0 0 0 0 
157 120 [ 156 ] 4 40 1 1 1 0 5 3 1 0 0 0 0 0 5 0 0 0 0 0 0 0 0 0 0 0 0 0 0 0 
158 120 [ 157 ] 4 40 1 1 1 0 5 3 1 0 0 0 0 0 5 0 0 0 0 0 0 0 0 0 0 0 0 0 0 0 
159 120 [ 157 158 ] 4 50 0 0 0 0 1 1 1 0 0 0 0 0 1 1 0 0 0 0 0 0 0 0 0 0 0 0 0 0 
160 120 [ 159 ] 4 50 0 0 0 0 1 1 1 0 0 0 0 0 1 1 0 0 0 0 0 0 0 0 0 0 0 0 0 0 
161 60 [ 158 159 160 ] 4 100 0 0 0 0 0 0 0 0 1 1 1 1 0 0 0 0 0 0 0 0 0 0 0 0 0 0 0 0 
162 30 [ 159 160 161 ] 4 20 0 0 0 0 1 1 1 0 0 0 0 0 1 1 1 1 0 0 0 0 5 3 2 0 1 1 1 0 
163 60 [ 162 ] 4 40 0 0 0 0 0 0 0 0 0 0 0 0 0 0 0 0 0 0 0 0 0 0 0 0 1 1 1 0 
164 120 [ 162 163 ] 4 50 0 0 0 0 0 0 0 0 0 0 0 0 0 0 0 0 0 0 0 0 1 1 1 0 0 0 0 0 
165 60 [ 164 ] 4 100 0 0 0 0 0 0 0 0 1 1 0 0 0 0 0 0 0 0 0 0 0 0 0 0 0 0 0 0 
166 30 [ ] 1 100 1 1 1 0 0 0 0 0 1 1 1 1 0 0 0 0 0 0 0 0 0 0 0 0 0 0 0 0 
167 60 [ ] 1 50 0 0 0 0 0 0 0 0 0 0 0 0 1 1 1 1 0 0 0 0 0 0 0 0 0 0 0 0 
168 120 [ ] 4 100 1 1 1 0 1 1 1 0 1 1 1 0 1 1 0 0 0 0 0 0 1 1 1 1 1 0 0 0 
169 60 [ ] 4 100 0 0 0 0 1 1 0 0 0 0 0 0 0 0 0 0 0 0 0 0 0 0 0 0 0 0 0 0 
170 120 [ ] 3 100 0 0 0 0 0 0 0 0 0 0 0 0 0 0 0 0 0 0 0 0 5 3 0 0 0 0 0 0 
171 60 [ 168 169 170 ] 4 20 0 0 0 0 0 0 0 0 0 0 0 0 0 0 0 0 0 0 0 0 0 0 0 0 1 1 1 1 
172 120 [ ] 2 100 0 0 0 0 0 0 0 0 1 1 1 0 0 0 0 0 1 1 1 0 0 0 0 0 0 0 0 0 
173 120 [ 172 ] 2 100 0 0 0 0 0 0 0 0 1 1 1 0 0 0 0 0 1 1 1 0 0 0 0 0 0 0 0 0 
174 120 [ 173 ] 2 100 0 0 0 0 0 0 0 0 1 1 1 0 0 0 0 0 1 1 1 0 0 0 0 0 0 0 0 0 
175 120 [ 174 ] 2 100 0 0 0 0 0 0 0 0 1 1 1 0 0 0 0 0 1 1 1 0 0 0 0 0 0 0 0 0 
176 120 [ 175 ] 2 100 0 0 0 0 0 0 0 0 1 1 1 0 0 0 0 0 1 1 1 0 0 0 0 0 0 0 0 0 
177 120 [ ] 1 100 0 0 0 0 0 0 0 0 0 0 0 0 0 0 0 0 0 0 0 0 0 0 0 0 4 3 1 0 
178 120 [ 177 ] 1 100 0 0 0 0 0 0 0 0 0 0 0 0 0 0 0 0 0 0 0 0 0 0 0 0 3 3 1 0 
179 120 [ ] 3 50 0 0 0 0 0 0 0 0 0 0 0 0 0 0 0 0 0 0 0 0 1 1 1 1 0 0 0 0 
180 120 [ 179 ] 3 50 0 0 0 0 0 0 0 0 0 0 0 0 0 0 0 0 0 0 0 0 1 1 1 1 0 0 0 0 
181 120 [ 180 ] 3 50 0 0 0 0 0 0 0 0 0 0 0 0 0 0 0 0 0 0 0 0 1 1 1 1 0 0 0 0 
182 120 [ 181 ] 3 50 0 0 0 0 0 0 0 0 0 0 0 0 0 0 0 0 0 0 0 0 1 1 1 1 0 0 0 0 
183 30 [ ] 1 100 0 0 0 0 0 0 0 0 0 0 0 0 1 1 1 0 0 0 0 0 0 0 0 0 0 0 0 0 
184 120 [ ] 1 100 0 0 0 0 1 1 1 1 0 0 0 0 0 0 0 0 0 0 0 0 0 0 0 0 0 0 0 0 
185 30 [ ] 1 100 0 0 0 0 0 0 0 0 0 0 0 0 0 0 0 0 0 0 0 0 1 1 1 0 0 0 0 0 
186 120 [ ] 3 50 1 1 1 1 5 3 0 0 1 1 1 0 1 1 1 1 1 1 0 0 1 1 1 0 4 2 2 0 
187 60 [ ] 2 50 0 0 0 0 0 0 0 0 1 1 1 1 0 0 0 0 0 0 0 0 0 0 0 0 0 0 0 0 
188 120 [ ] 1 50 0 0 0 0 0 0 0 0 0 0 0 0 0 0 0 0 0 0 0 0 0 0 0 0 2 0 0 0 
189 120 [ 188 ] 1 50 0 0 0 0 0 0 0 0 0 0 0 0 0 0 0 0 0 0 0 0 0 0 0 0 2 0 0 0 
190 120 [ 189 ] 1 50 0 0 0 0 0 0 0 0 0 0 0 0 0 0 0 0 0 0 0 0 0 0 0 0 2 0 0 0 
191 120 [ 190 ] 1 50 0 0 0 0 0 0 0 0 0 0 0 0 0 0 0 0 0 0 0 0 0 0 0 0 2 0 0 0 
192 120 [ 191 ] 1 50 0 0 0 0 0 0 0 0 0 0 0 0 0 0 0 0 0 0 0 0 1 1 1 1 0 0 0 0 
193 120 [ 192 ] 1 50 0 0 0 0 0 0 0 0 0 0 0 0 0 0 0 0 0 0 0 0 1 1 1 1 0 0 0 0 
194 120 [ 193 ] 1 50 0 0 0 0 0 0 0 0 0 0 0 0 0 0 0 0 0 0 0 0 1 1 1 1 0 0 0 0 
195 60 [ 193 194 ] 1 100 0 0 0 0 0 0 0 0 0 0 0 0 0 0 0 0 0 0 0 0 0 0 0 0 1 1 1 0 
196 120 [ ] 1 100 0 0 0 0 0 0 0 0 1 1 1 0 0 0 0 0 0 0 0 0 0 0 0 0 0 0 0 0 
197 60 [ ] 1 100 0 0 0 0 1 1 1 0 0 0 0 0 0 0 0 0 0 0 0 0 0 0 0 0 0 0 0 0 
198 30 [ ] 1 50 0 0 0 0 0 0 0 0 0 0 0 0 1 1 1 1 0 0 0 0 1 1 0 0 0 0 0 0 
199 60 [ ] 2 100 0 0 0 0 0 0 0 0 0 0 0 0 0 0 0 0 0 0 0 0 1 1 0 0 0 0 0 0 
200 60 [ ] 1 50 1 0 0 0 0 0 0 0 0 0 0 0 0 0 0 0 0 0 0 0 0 0 0 0 0 0 0 0 
201 120 [ ] 1 50 0 0 0 0 0 0 0 0 0 0 0 0 0 0 0 0 0 0 0 0 0 0 0 0 1 1 1 1 
202 120 [ 201 ] 1 50 0 0 0 0 0 0 0 0 0 0 0 0 0 0 0 0 0 0 0 0 0 0 0 0 1 1 1 1 
203 120 [ 202 ] 1 50 0 0 0 0 0 0 0 0 0 0 0 0 0 0 0 0 0 0 0 0 0 0 0 0 1 1 1 1 
204 60 [ ] 1 50 0 0 0 0 0 0 0 0 1 1 0 0 0 0 0 0 0 0 0 0 1 1 1 0 0 0 0 0 
205 120 [ ] 4 100 0 0 0 0 0 0 0 0 4 4 2 1 0 0 0 0 1 1 1 1 0 0 0 0 0 0 0 0 
206 120 [ 205 ] 4 100 0 0 0 0 0 0 0 0 4 4 2 1 0 0 0 0 1 1 1 1 0 0 0 0 0 0 0 0 
207 120 [ 206 ] 4 100 0 0 0 0 0 0 0 0 4 4 2 1 0 0 0 0 1 1 1 1 0 0 0 0 0 0 0 0 
208 120 [ 207 ] 4 100 0 0 0 0 0 0 0 0 4 4 2 1 0 0 0 0 1 1 1 1 0 0 0 0 0 0 0 0 
209 120 [ 208 ] 4 100 0 0 0 0 0 0 0 0 4 4 2 1 0 0 0 0 1 1 1 1 0 0 0 0 0 0 0 0 
210 120 [ ] 1 50 1 1 1 0 2 0 0 0 1 1 1 1 1 1 1 0 0 0 0 0 1 1 1 0 1 1 1 0 
211 120 [ 210 ] 1 50 1 1 1 0 2 0 0 0 1 1 1 1 1 1 1 0 0 0 0 0 1 1 1 0 1 1 1 0 
212 120 [ 211 ] 1 50 1 1 1 0 2 0 0 0 1 1 1 1 1 1 1 0 0 0 0 0 1 1 1 0 1 1 1 0 
213 120 [ 212 ] 1 50 1 1 1 0 2 0 0 0 1 1 1 1 1 1 1 0 0 0 0 0 1 1 1 0 1 1 1 0 
214 60 [ 211 212 213 ] 3 100 2 2 2 1 0 0 0 0 0 0 0 0 0 0 0 0 0 0 0 0 0 0 0 0 0 0 0 0 
215 60 [ ] 1 40 0 0 0 0 1 1 1 1 0 0 0 0 0 0 0 0 0 0 0 0 0 0 0 0 0 0 0 0 
216 60 [ ] 1 40 0 0 0 0 0 0 0 0 0 0 0 0 0 0 0 0 0 0 0 0 0 0 0 0 4 2 2 2 
217 120 [ ] 1 100 0 0 0 0 0 0 0 0 0 0 0 0 1 1 1 1 0 0 0 0 0 0 0 0 0 0 0 0 
218 60 [ ] 2 50 1 0 0 0 1 0 0 0 3 3 3 2 1 1 1 1 1 1 0 0 1 1 0 0 1 0 0 0 
219 30 [ 216 217 218 ] 2 40 0 0 0 0 0 0 0 0 0 0 0 0 0 0 0 0 1 1 1 1 0 0 0 0 0 0 0 0 
220 60 [ 218 219 ] 2 50 1 0 0 0 0 0 0 0 0 0 0 0 1 1 1 1 0 0 0 0 0 0 0 0 1 1 1 1 
221 120 [ 218 219 220 ] 3 100 0 0 0 0 0 0 0 0 0 0 0 0 0 0 0 0 3 3 2 0 0 0 0 0 0 0 0 0 
222 120 [ ] 4 100 1 0 0 0 5 4 1 0 1 1 1 1 1 1 1 0 1 1 1 0 1 1 1 1 1 0 0 0 
223 120 [ 222 ] 4 100 1 0 0 0 5 4 1 0 1 1 1 1 1 1 1 0 1 1 1 0 1 1 1 1 1 0 0 0 
224 120 [ 223 ] 4 100 1 0 0 0 5 4 1 0 1 1 1 1 1 1 1 0 1 1 1 0 1 1 1 1 1 0 0 0 
225 120 [ 224 ] 4 100 1 0 0 0 5 4 1 0 1 1 1 1 1 1 1 0 1 1 1 0 1 1 1 1 1 0 0 0 
226 120 [ 225 ] 4 100 1 0 0 0 5 4 1 0 1 1 1 1 1 1 1 0 1 1 1 0 1 1 1 1 1 0 0 0 
227 120 [ ] 1 50 1 0 0 0 0 0 0 0 0 0 0 0 0 0 0 0 0 0 0 0 0 0 0 0 0 0 0 0 
228 120 [ 227 ] 1 50 1 0 0 0 0 0 0 0 0 0 0 0 0 0 0 0 0 0 0 0 0 0 0 0 0 0 0 0 
229 120 [ 228 ] 1 50 1 0 0 0 0 0 0 0 0 0 0 0 0 0 0 0 0 0 0 0 0 0 0 0 0 0 0 0 
230 120 [ ] 3 40 2 1 1 0 0 0 0 0 0 0 0 0 0 0 0 0 0 0 0 0 0 0 0 0 0 0 0 0 
231 120 [ 230 ] 3 40 2 1 1 0 0 0 0 0 0 0 0 0 0 0 0 0 0 0 0 0 0 0 0 0 0 0 0 0 
232 120 [ ] 2 50 1 1 0 0 0 0 0 0 0 0 0 0 0 0 0 0 0 0 0 0 0 0 0 0 0 0 0 0 
233 120 [ 232 ] 2 50 1 1 0 0 0 0 0 0 0 0 0 0 0 0 0 0 0 0 0 0 0 0 0 0 0 0 0 0 
234 120 [ 233 ] 2 50 1 1 0 0 0 0 0 0 0 0 0 0 0 0 0 0 0 0 0 0 0 0 0 0 0 0 0 0 
235 120 [ 234 ] 2 50 1 1 0 0 0 0 0 0 0 0 0 0 0 0 0 0 0 0 0 0 0 0 0 0 0 0 0 0 
236 60 [ ] 4 40 0 0 0 0 0 0 0 0 0 0 0 0 0 0 0 0 0 0 0 0 3 0 0 0 0 0 0 0 
237 30 [ 234 235 236 ] 4 20 0 0 0 0 0 0 0 0 0 0 0 0 1 0 0 0 0 0 0 0 0 0 0 0 2 2 2 1 
238 60 [ ] 1 20 0 0 0 0 0 0 0 0 0 0 0 0 0 0 0 0 0 0 0 0 0 0 0 0 1 1 1 1 
239 30 [ ] 1 50 0 0 0 0 0 0 0 0 0 0 0 0 0 0 0 0 1 1 1 1 0 0 0 0 0 0 0 0 
240 120 [ ] 3 20 0 0 0 0 0 0 0 0 0 0 0 0 1 0 0 0 0 0 0 0 0 0 0 0 0 0 0 0 
241 120 [ 240 ] 3 20 0 0 0 0 0 0 0 0 0 0 0 0 1 0 0 0 0 0 0 0 0 0 0 0 0 0 0 0 
242 120 [ 241 ] 3 20 0 0 0 0 0 0 0 0 0 0 0 0 1 0 0 0 0 0 0 0 0 0 0 0 0 0 0 0 
243 120 [ 240 241 242 ] 3 50 0 0 0 0 0 0 0 0 0 0 0 0 1 1 1 1 0 0 0 0 0 0 0 0 0 0 0 0 
244 120 [ 243 ] 3 50 0 0 0 0 0 0 0 0 0 0 0 0 1 1 1 1 0 0 0 0 0 0 0 0 0 0 0 0 
245 120 [ ] 4 50 1 1 1 0 0 0 0 0 0 0 0 0 0 0 0 0 0 0 0 0 0 0 0 0 0 0 0 0 
246 120 [ 245 ] 4 50 1 1 1 0 0 0 0 0 0 0 0 0 0 0 0 0 0 0 0 0 0 0 0 0 0 0 0 0 
247 120 [ 246 ] 4 50 1 1 1 0 0 0 0 0 0 0 0 0 0 0 0 0 0 0 0 0 0 0 0 0 0 0 0 0 
248 120 [ 247 ] 4 50 1 1 1 0 0 0 0 0 0 0 0 0 0 0 0 0 0 0 0 0 0 0 0 0 0 0 0 0 
249 120 [ 248 ] 4 50 1 1 1 0 0 0 0 0 0 0 0 0 0 0 0 0 0 0 0 0 0 0 0 0 0 0 0 0 
250 120 [ ] 3 100 0 0 0 0 0 0 0 0 0 0 0 0 0 0 0 0 0 0 0 0 0 0 0 0 1 1 1 0 
251 60 [ ] 3 100 0 0 0 0 0 0 0 0 0 0 0 0 0 0 0 0 4 0 0 0 0 0 0 0 0 0 0 0 
252 120 [ 251 ] 3 40 2 2 2 2 0 0 0 0 0 0 0 0 0 0 0 0 0 0 0 0 1 0 0 0 0 0 0 0 
253 120 [ 252 ] 3 40 2 2 2 2 0 0 0 0 0 0 0 0 0 0 0 0 0 0 0 0 1 0 0 0 0 0 0 0 
254 60 [ ] 1 50 1 1 1 1 1 1 0 0 1 1 1 1 0 0 0 0 4 3 0 0 3 3 0 0 0 0 0 0 
255 30 [ 252 253 254 ] 4 50 0 0 0 0 0 0 0 0 0 0 0 0 0 0 0 0 0 0 0 0 0 0 0 0 3 3 0 0 
256 120 [ 255 ] 4 40 1 1 1 0 1 1 1 1 0 0 0 0 1 1 0 0 0 0 0 0 0 0 0 0 2 2 0 0 
257 120 [ 254 255 256 ] 4 100 0 0 0 0 0 0 0 0 1 1 1 0 0 0 0 0 0 0 0 0 0 0 0 0 0 0 0 0 
258 120 [ 257 ] 4 100 0 0 0 0 0 0 0 0 1 1 1 0 0 0 0 0 0 0 0 0 0 0 0 0 0 0 0 0 
259 120 [ 258 ] 4 100 0 0 0 0 0 0 0 0 1 1 1 0 0 0 0 0 0 0 0 0 0 0 0 0 0 0 0 0 
260 120 [ 257 258 259 ] 4 100 1 1 0 0 0 0 0 0 0 0 0 0 0 0 0 0 0 0 0 0 0 0 0 0 0 0 0 0 
261 120 [ 260 ] 4 100 1 1 0 0 0 0 0 0 0 0 0 0 0 0 0 0 0 0 0 0 0 0 0 0 0 0 0 0 
262 120 [ 261 ] 4 100 1 1 0 0 0 0 0 0 0 0 0 0 0 0 0 0 0 0 0 0 0 0 0 0 0 0 0 0 
263 120 [ 262 ] 4 100 1 1 0 0 0 0 0 0 0 0 0 0 0 0 0 0 0 0 0 0 0 0 0 0 0 0 0 0 
264 120 [ ] 3 100 0 0 0 0 0 0 0 0 5 3 1 0 0 0 0 0 0 0 0 0 0 0 0 0 0 0 0 0 
265 120 [ 264 ] 3 100 0 0 0 0 0 0 0 0 5 3 1 0 0 0 0 0 0 0 0 0 0 0 0 0 0 0 0 0 
266 120 [ 265 ] 3 100 0 0 0 0 0 0 0 0 5 3 1 0 0 0 0 0 0 0 0 0 0 0 0 0 0 0 0 0 
267 120 [ 264 265 266 ] 3 100 0 0 0 0 0 0 0 0 0 0 0 0 0 0 0 0 0 0 0 0 0 0 0 0 1 1 1 0 
268 120 [ 267 ] 3 100 0 0 0 0 0 0 0 0 0 0 0 0 0 0 0 0 0 0 0 0 0 0 0 0 1 1 1 0 
269 120 [ 268 ] 3 100 0 0 0 0 0 0 0 0 0 0 0 0 0 0 0 0 0 0 0 0 0 0 0 0 1 1 1 0 
270 30 [ ] 4 50 2 2 2 1 1 1 0 0 1 1 1 0 5 0 0 0 1 1 0 0 1 1 1 1 1 1 1 0 
271 60 [ ] 2 50 1 1 1 0 1 1 1 1 1 1 1 1 1 1 1 1 1 1 1 0 0 0 0 0 1 1 1 0 
272 120 [ ] 1 50 0 0 0 0 4 2 0 0 0 0 0 0 0 0 0 0 0 0 0 0 0 0 0 0 0 0 0 0  
273 120 [ 272 ] 1 50 0 0 0 0 4 2 0 0 0 0 0 0 0 0 0 0 0 0 0 0 0 0 0 0 0 0 0 0 
274 120 [ 273 ] 1 50 0 0 0 0 4 2 0 0 0 0 0 0 0 0 0 0 0 0 0 0 0 0 0 0 0 0 0 0 
275 120 [ 274 ] 1 50 0 0 0 0 4 2 0 0 0 0 0 0 0 0 0 0 0 0 0 0 0 0 0 0 0 0 0 0 
276 120 [ 275 ] 1 50 0 0 0 0 4 2 0 0 0 0 0 0 0 0 0 0 0 0 0 0 0 0 0 0 0 0 0 0 
277 60 [ ] 1 100 0 0 0 0 0 0 0 0 1 1 1 0 0 0 0 0 0 0 0 0 0 0 0 0 0 0 0 0 
278 120 [ ] 1 20 0 0 0 0 0 0 0 0 0 0 0 0 4 3 2 0 0 0 0 0 0 0 0 0 0 0 0 0 
279 120 [ 278 ] 1 20 0 0 0 0 0 0 0 0 0 0 0 0 4 3 2 0 0 0 0 0 0 0 0 0 0 0 0 0 
280 120 [ ] 3 100 0 0 0 0 1 0 0 0 0 0 0 0 0 0 0 0 0 0 0 0 0 0 0 0 0 0 0 0 
281 60 [ 278 279 280 ] 3 50 0 0 0 0 0 0 0 0 1 0 0 0 0 0 0 0 0 0 0 0 0 0 0 0 0 0 0 0 
282 120 [ ] 4 100 1 1 1 0 1 1 1 1 3 3 2 0 1 1 1 1 2 2 1 1 1 0 0 0 1 1 1 0 
283 120 [ 282 ] 4 100 1 1 1 0 1 1 1 1 3 3 2 0 1 1 1 1 2 2 1 1 1 0 0 0 1 1 1 0 
284 120 [ 283 ] 4 100 1 1 1 0 1 1 1 1 3 3 2 0 1 1 1 1 2 2 1 1 1 0 0 0 1 1 1 0 
285 120 [ 284 ] 4 100 1 1 1 0 1 1 1 1 3 3 2 0 1 1 1 1 2 2 1 1 1 0 0 0 1 1 1 0 
286 120 [ 285 ] 4 100 1 1 1 0 1 1 1 1 3 3 2 0 1 1 1 1 2 2 1 1 1 0 0 0 1 1 1 0 
287 60 [ ] 4 50 0 0 0 0 0 0 0 0 0 0 0 0 0 0 0 0 0 0 0 0 1 1 0 0 0 0 0 0 
288 60 [ ] 1 40 0 0 0 0 0 0 0 0 4 3 0 0 0 0 0 0 0 0 0 0 0 0 0 0 0 0 0 0 
289 120 [ ] 2 40 1 0 0 0 2 1 1 1 0 0 0 0 0 0 0 0 5 2 1 0 2 2 1 1 1 1 1 1 
290 120 [ 289 ] 2 40 1 0 0 0 2 1 1 1 0 0 0 0 0 0 0 0 5 2 1 0 2 2 1 1 1 1 1 1 
291 120 [ ] 2 100 0 0 0 0 0 0 0 0 1 1 0 0 1 1 0 0 0 0 0 0 1 1 0 0 1 1 1 0 
292 120 [ 291 ] 2 100 0 0 0 0 0 0 0 0 1 1 0 0 1 1 0 0 0 0 0 0 1 1 0 0 1 1 1 0 
293 120 [ 292 ] 2 100 0 0 0 0 0 0 0 0 1 1 0 0 1 1 0 0 0 0 0 0 1 1 0 0 1 1 1 0 
294 120 [ ] 1 100 0 0 0 0 5 3 3 2 1 0 0 0 1 1 1 1 2 1 0 0 1 1 1 0 1 1 1 0 
295 120 [ 294 ] 1 100 0 0 0 0 5 3 3 2 1 0 0 0 1 1 1 1 2 1 0 0 1 1 1 0 1 1 1 0 
296 120 [ 295 ] 1 100 0 0 0 0 5 3 3 2 1 0 0 0 1 1 1 1 2 1 0 0 1 1 1 0 1 1 1 0 
297 60 [ ] 3 100 0 0 0 0 0 0 0 0 0 0 0 0 0 0 0 0 1 1 1 0 0 0 0 0 0 0 0 0 
298 60 [ ] 1 50 1 1 1 0 5 2 1 0 1 1 1 0 5 4 3 0 5 0 0 0 1 1 0 0 3 3 1 0 
299 120 [ 296 297 298 ] 3 40 1 1 1 1 0 0 0 0 0 0 0 0 0 0 0 0 0 0 0 0 0 0 0 0 0 0 0 0 
300 120 [ 299 ] 3 50 1 0 0 0 0 0 0 0 1 0 0 0 2 2 2 0 1 1 1 1 1 1 1 1 1 1 1 1 
301 120 [ 300 ] 3 50 1 0 0 0 0 0 0 0 1 0 0 0 2 2 2 0 1 1 1 1 1 1 1 1 1 1 1 1 
302 120 [ 301 ] 3 50 1 0 0 0 0 0 0 0 1 0 0 0 2 2 2 0 1 1 1 1 1 1 1 1 1 1 1 1 
303 120 [ 302 ] 3 50 1 0 0 0 0 0 0 0 1 0 0 0 2 2 2 0 1 1 1 1 1 1 1 1 1 1 1 1 
304 120 [ ] 2 100 5 3 3 2 0 0 0 0 1 1 1 0 0 0 0 0 0 0 0 0 3 3 2 0 0 0 0 0 
305 30 [ ] 2 50 1 1 1 1 0 0 0 0 0 0 0 0 5 4 3 0 3 0 0 0 5 0 0 0 1 1 1 1 
306 30 [ 305 ] 2 20 0 0 0 0 0 0 0 0 0 0 0 0 1 1 1 1 0 0 0 0 0 0 0 0 0 0 0 0 
307 60 [ ] 2 20 3 2 2 0 2 2 0 0 1 1 1 0 2 1 1 0 1 1 0 0 1 1 1 0 0 0 0 0 
308 30 [ ] 2 20 0 0 0 0 0 0 0 0 0 0 0 0 0 0 0 0 0 0 0 0 0 0 0 0 1 1 1 0 
309 60 [ ] 4 100 1 0 0 0 0 0 0 0 0 0 0 0 0 0 0 0 0 0 0 0 0 0 0 0 0 0 0 0 
310 60 [ ] 1 40 1 1 1 0 0 0 0 0 0 0 0 0 0 0 0 0 0 0 0 0 0 0 0 0 0 0 0 0 
311 30 [ ] 3 50 0 0 0 0 0 0 0 0 0 0 0 0 1 1 1 0 0 0 0 0 0 0 0 0 0 0 0 0 
312 30 [ ] 4 50 0 0 0 0 0 0 0 0 0 0 0 0 0 0 0 0 0 0 0 0 1 1 1 1 0 0 0 0 
313 60 [ 312 ] 4 50 0 0 0 0 0 0 0 0 1 1 0 0 0 0 0 0 0 0 0 0 0 0 0 0 0 0 0 0 
314 60 [ ] 3 50 0 0 0 0 1 1 1 0 0 0 0 0 1 1 0 0 0 0 0 0 0 0 0 0 2 1 1 0 
315 30 [ ] 3 50 0 0 0 0 0 0 0 0 0 0 0 0 0 0 0 0 0 0 0 0 0 0 0 0 1 1 0 0 
316 30 [ ] 4 50 0 0 0 0 0 0 0 0 1 0 0 0 0 0 0 0 0 0 0 0 0 0 0 0 0 0 0 0 
317 30 [ 314 315 316 ] 4 20 0 0 0 0 0 0 0 0 0 0 0 0 1 1 1 0 0 0 0 0 0 0 0 0 0 0 0 0 
318 120 [ ] 4 100 0 0 0 0 1 0 0 0 0 0 0 0 0 0 0 0 0 0 0 0 0 0 0 0 0 0 0 0 
319 120 [ 318 ] 4 100 0 0 0 0 1 0 0 0 0 0 0 0 0 0 0 0 0 0 0 0 0 0 0 0 0 0 0 0 
320 120 [ 319 ] 4 100 0 0 0 0 1 0 0 0 0 0 0 0 0 0 0 0 0 0 0 0 0 0 0 0 0 0 0 0 
321 120 [ 320 ] 4 100 0 0 0 0 1 0 0 0 0 0 0 0 0 0 0 0 0 0 0 0 0 0 0 0 0 0 0 0 
322 60 [ ] 1 50 0 0 0 0 0 0 0 0 0 0 0 0 1 1 1 0 0 0 0 0 0 0 0 0 0 0 0 0 
323 120 [ ] 1 50 0 0 0 0 5 3 2 0 0 0 0 0 0 0 0 0 0 0 0 0 0 0 0 0 0 0 0 0 
324 120 [ 323 ] 1 50 0 0 0 0 5 3 2 0 0 0 0 0 0 0 0 0 0 0 0 0 0 0 0 0 0 0 0 0 
325 120 [ 324 ] 1 50 0 0 0 0 5 3 2 0 0 0 0 0 0 0 0 0 0 0 0 0 0 0 0 0 0 0 0 0 
326 120 [ 325 ] 1 50 0 0 0 0 5 3 2 0 0 0 0 0 0 0 0 0 0 0 0 0 0 0 0 0 0 0 0 0 
327 120 [ ] 1 50 1 1 1 0 0 0 0 0 1 1 1 0 2 2 0 0 0 0 0 0 0 0 0 0 0 0 0 0 
328 60 [ ] 2 100 0 0 0 0 0 0 0 0 0 0 0 0 1 1 0 0 0 0 0 0 0 0 0 0 0 0 0 0 
329 60 [ ] 2 50 0 0 0 0 0 0 0 0 0 0 0 0 1 1 1 0 0 0 0 0 1 1 1 0 1 1 1 1 
330 30 [ ] 3 100 0 0 0 0 0 0 0 0 0 0 0 0 0 0 0 0 0 0 0 0 0 0 0 0 1 1 1 0 
331 120 [ ] 3 40 0 0 0 0 0 0 0 0 1 1 0 0 0 0 0 0 0 0 0 0 0 0 0 0 0 0 0 0 
332 120 [ 331 ] 3 40 0 0 0 0 0 0 0 0 1 1 0 0 0 0 0 0 0 0 0 0 0 0 0 0 0 0 0 0 
333 120 [ ] 2 100 1 1 1 1 0 0 0 0 0 0 0 0 0 0 0 0 0 0 0 0 0 0 0 0 0 0 0 0 
334 120 [ 333 ] 2 100 1 1 1 1 0 0 0 0 0 0 0 0 0 0 0 0 0 0 0 0 0 0 0 0 0 0 0 0 
335 120 [ 334 ] 2 100 1 1 1 1 0 0 0 0 0 0 0 0 0 0 0 0 0 0 0 0 0 0 0 0 0 0 0 0 
336 120 [ 335 ] 2 100 1 1 1 1 0 0 0 0 0 0 0 0 0 0 0 0 0 0 0 0 0 0 0 0 0 0 0 0 
337 120 [ 336 ] 2 100 1 1 1 1 0 0 0 0 0 0 0 0 0 0 0 0 0 0 0 0 0 0 0 0 0 0 0 0 
338 30 [ ] 4 100 0 0 0 0 1 1 1 1 1 1 1 1 0 0 0 0 3 0 0 0 1 1 1 0 1 0 0 0 
339 60 [ 336 337 338 ] 4 20 0 0 0 0 0 0 0 0 0 0 0 0 0 0 0 0 0 0 0 0 1 0 0 0 0 0 0 0 
340 60 [ 339 ] 4 20 0 0 0 0 0 0 0 0 0 0 0 0 0 0 0 0 0 0 0 0 1 1 0 0 0 0 0 0 
341 120 [ 340 ] 4 100 0 0 0 0 1 0 0 0 0 0 0 0 0 0 0 0 0 0 0 0 0 0 0 0 0 0 0 0 
342 120 [ 341 ] 4 100 0 0 0 0 1 0 0 0 0 0 0 0 0 0 0 0 0 0 0 0 0 0 0 0 0 0 0 0 
343 60 [ 341 342 ] 4 50 0 0 0 0 5 5 3 3 0 0 0 0 0 0 0 0 0 0 0 0 0 0 0 0 0 0 0 0 
344 60 [ ] 1 50 0 0 0 0 0 0 0 0 1 1 1 0 0 0 0 0 0 0 0 0 0 0 0 0 0 0 0 0 
345 60 [ ] 4 20 0 0 0 0 0 0 0 0 0 0 0 0 1 0 0 0 0 0 0 0 0 0 0 0 0 0 0 0 
346 120 [ 343 344 345 ] 4 100 0 0 0 0 0 0 0 0 0 0 0 0 0 0 0 0 0 0 0 0 1 1 1 1 0 0 0 0 
347 30 [ 346 ] 4 50 1 1 1 0 0 0 0 0 0 0 0 0 0 0 0 0 3 3 0 0 0 0 0 0 0 0 0 0 
348 60 [ 346 347 ] 4 40 0 0 0 0 0 0 0 0 1 1 0 0 0 0 0 0 0 0 0 0 0 0 0 0 0 0 0 0 
349 120 [ ] 2 50 0 0 0 0 0 0 0 0 0 0 0 0 3 2 1 0 0 0 0 0 0 0 0 0 0 0 0 0 
350 120 [ 349 ] 2 50 0 0 0 0 0 0 0 0 0 0 0 0 3 2 1 0 0 0 0 0 0 0 0 0 0 0 0 0 
351 120 [ 350 ] 2 50 0 0 0 0 0 0 0 0 0 0 0 0 3 2 1 0 0 0 0 0 0 0 0 0 0 0 0 0 
352 120 [ 351 ] 2 50 0 0 0 0 0 0 0 0 0 0 0 0 3 2 1 0 0 0 0 0 0 0 0 0 0 0 0 0 
353 120 [ 352 ] 2 50 0 0 0 0 0 0 0 0 0 0 0 0 3 2 1 0 0 0 0 0 0 0 0 0 0 0 0 0 
354 120 [ ] 2 50 0 0 0 0 0 0 0 0 0 0 0 0 0 0 0 0 0 0 0 0 1 1 1 1 0 0 0 0 
355 60 [ ] 3 100 0 0 0 0 2 1 1 1 0 0 0 0 0 0 0 0 0 0 0 0 0 0 0 0 0 0 0 0 
356 60 [ 353 354 355 ] 3 100 1 0 0 0 0 0 0 0 0 0 0 0 0 0 0 0 0 0 0 0 0 0 0 0 0 0 0 0 
357 60 [ ] 4 50 0 0 0 0 0 0 0 0 0 0 0 0 5 5 4 4 0 0 0 0 0 0 0 0 2 1 0 0
358 60 [ ] 3 20 0 0 0 0 0 0 0 0 0 0 0 0 0 0 0 0 1 1 1 1 0 0 0 0 0 0 0 0 
359 30 [ ] 3 50 0 0 0 0 0 0 0 0 0 0 0 0 0 0 0 0 0 0 0 0 0 0 0 0 1 1 1 0 
360 120 [ 357 358 359 ] 4 20 0 0 0 0 0 0 0 0 0 0 0 0 0 0 0 0 4 0 0 0 0 0 0 0 0 0 0 0 
361 60 [ ] 4 50 0 0 0 0 5 4 3 0 1 0 0 0 1 0 0 0 1 1 1 0 5 0 0 0 0 0 0 0 
362 60 [ 360 361 ] 4 20 0 0 0 0 0 0 0 0 1 1 1 0 0 0 0 0 0 0 0 0 0 0 0 0 0 0 0 0 
363 120 [ ] 4 20 0 0 0 0 0 0 0 0 0 0 0 0 1 1 1 1 0 0 0 0 0 0 0 0 0 0 0 0 
364 120 [ 363 ] 4 20 0 0 0 0 0 0 0 0 0 0 0 0 1 1 1 1 0 0 0 0 0 0 0 0 0 0 0 0 
365 120 [ 363 364 ] 4 50 0 0 0 0 1 1 0 0 0 0 0 0 0 0 0 0 0 0 0 0 0 0 0 0 0 0 0 0 
366 60 [ ] 1 100 0 0 0 0 0 0 0 0 0 0 0 0 0 0 0 0 1 1 1 0 0 0 0 0 0 0 0 0 
367 30 [ ] 1 50 0 0 0 0 0 0 0 0 0 0 0 0 1 1 1 1 0 0 0 0 0 0 0 0 0 0 0 0 
368 30 [ ] 4 50 0 0 0 0 0 0 0 0 1 1 1 1 0 0 0 0 0 0 0 0 0 0 0 0 0 0 0 0 
369 120 [ ] 3 20 0 0 0 0 0 0 0 0 1 0 0 0 0 0 0 0 0 0 0 0 0 0 0 0 0 0 0 0 
370 120 [ 369 ] 3 20 0 0 0 0 0 0 0 0 1 0 0 0 0 0 0 0 0 0 0 0 0 0 0 0 0 0 0 0 
371 120 [ 370 ] 3 20 0 0 0 0 0 0 0 0 1 0 0 0 0 0 0 0 0 0 0 0 0 0 0 0 0 0 0 0 
372 120 [ 371 ] 3 20 0 0 0 0 0 0 0 0 1 0 0 0 0 0 0 0 0 0 0 0 0 0 0 0 0 0 0 0 
373 120 [ 370 371 372 ] 3 40 0 0 0 0 0 0 0 0 1 1 1 0 1 0 0 0 2 0 0 0 1 1 0 0 0 0 0 0 
374 30 [ 371 372 373 ] 3 50 0 0 0 0 0 0 0 0 0 0 0 0 0 0 0 0 1 0 0 0 0 0 0 0 0 0 0 0 
375 60 [ ] 1 50 0 0 0 0 0 0 0 0 0 0 0 0 1 1 1 0 0 0 0 0 0 0 0 0 0 0 0 0 
376 60 [ ] 4 50 0 0 0 0 0 0 0 0 0 0 0 0 0 0 0 0 0 0 0 0 0 0 0 0 1 1 1 0 
377 60 [ 374 375 376 ] 4 40 0 0 0 0 0 0 0 0 0 0 0 0 0 0 0 0 1 0 0 0 0 0 0 0 0 0 0 0 
378 30 [ ] 1 100 1 1 0 0 3 2 2 2 0 0 0 0 4 0 0 0 1 1 0 0 0 0 0 0 0 0 0 0 
379 60 [ ] 4 100 0 0 0 0 1 1 1 0 0 0 0 0 0 0 0 0 0 0 0 0 0 0 0 0 0 0 0 0 
380 120 [ 379 ] 4 50 1 0 0 0 0 0 0 0 0 0 0 0 0 0 0 0 0 0 0 0 0 0 0 0 0 0 0 0 
381 120 [ ] 1 100 0 0 0 0 0 0 0 0 0 0 0 0 1 1 0 0 0 0 0 0 0 0 0 0 0 0 0 0 
382 120 [ 381 ] 1 100 0 0 0 0 0 0 0 0 0 0 0 0 1 1 0 0 0 0 0 0 0 0 0 0 0 0 0 0 
383 120 [ 382 ] 1 100 0 0 0 0 0 0 0 0 0 0 0 0 1 1 0 0 0 0 0 0 0 0 0 0 0 0 0 0 
384 60 [ ] 3 50 5 3 2 0 1 1 1 0 4 2 2 1 0 0 0 0 1 1 1 1 0 0 0 0 0 0 0 0 
385 60 [ ] 4 100 0 0 0 0 0 0 0 0 0 0 0 0 0 0 0 0 1 0 0 0 0 0 0 0 0 0 0 0 
386 60 [ ] 2 40 1 1 0 0 0 0 0 0 0 0 0 0 1 1 1 0 1 1 1 0 2 2 2 2 2 2 1 0 
387 120 [ ] 1 100 0 0 0 0 1 1 1 1 1 1 1 0 0 0 0 0 2 1 1 0 1 0 0 0 1 1 1 0 
388 120 [ ] 2 50 1 1 0 0 1 0 0 0 3 0 0 0 1 0 0 0 1 1 1 0 3 3 3 2 1 1 1 0 
389 30 [ ] 4 40 0 0 0 0 3 0 0 0 0 0 0 0 0 0 0 0 0 0 0 0 0 0 0 0 0 0 0 0 
390 120 [ ] 1 50 1 1 1 1 0 0 0 0 0 0 0 0 0 0 0 0 0 0 0 0 0 0 0 0 2 2 1 0 
391 60 [ ] 4 40 0 0 0 0 0 0 0 0 0 0 0 0 1 1 0 0 0 0 0 0 0 0 0 0 0 0 0 0 
392 60 [ 389 390 391 ] 4 100 4 0 0 0 1 1 1 1 1 0 0 0 1 1 1 0 1 1 1 0 1 1 1 0 1 1 0 0 
393 30 [ ] 3 20 0 0 0 0 0 0 0 0 0 0 0 0 0 0 0 0 0 0 0 0 3 0 0 0 0 0 0 0 
394 120 [ ] 1 100 1 1 1 0 0 0 0 0 0 0 0 0 0 0 0 0 0 0 0 0 0 0 0 0 0 0 0 0 
395 120 [ 394 ] 1 100 1 1 1 0 0 0 0 0 0 0 0 0 0 0 0 0 0 0 0 0 0 0 0 0 0 0 0 0 
396 120 [ 395 ] 1 100 1 1 1 0 0 0 0 0 0 0 0 0 0 0 0 0 0 0 0 0 0 0 0 0 0 0 0 0 
397 120 [ 396 ] 1 100 1 1 1 0 0 0 0 0 0 0 0 0 0 0 0 0 0 0 0 0 0 0 0 0 0 0 0 0 
398 60 [ ] 4 100 0 0 0 0 0 0 0 0 1 1 1 1 0 0 0 0 0 0 0 0 0 0 0 0 0 0 0 0 
399 120 [ ] 2 40 0 0 0 0 0 0 0 0 0 0 0 0 0 0 0 0 0 0 0 0 0 0 0 0 2 2 2 0 
400 120 [ 397 398 399 ] 4 50 1 0 0 0 5 3 0 0 1 1 1 1 0 0 0 0 0 0 0 0 1 1 0 0 1 1 0 0
401 120 [ 400 ] 4 50 1 0 0 0 5 3 0 0 1 1 1 1 0 0 0 0 0 0 0 0 1 1 0 0 1 1 0 0 
402 120 [ 401 ] 4 50 1 0 0 0 5 3 0 0 1 1 1 1 0 0 0 0 0 0 0 0 1 1 0 0 1 1 0 0 
403 120 [ 402 ] 4 50 1 0 0 0 5 3 0 0 1 1 1 1 0 0 0 0 0 0 0 0 1 1 0 0 1 1 0 0 
404 120 [ ] 4 20 0 0 0 0 1 1 1 1 0 0 0 0 1 1 1 0 3 3 3 0 1 1 0 0 1 1 0 0 
405 120 [ 404 ] 4 20 0 0 0 0 1 1 1 1 0 0 0 0 1 1 1 0 3 3 3 0 1 1 0 0 1 1 0 0 
406 120 [ 405 ] 4 20 0 0 0 0 1 1 1 1 0 0 0 0 1 1 1 0 3 3 3 0 1 1 0 0 1 1 0 0 
407 30 [ ] 1 50 0 0 0 0 0 0 0 0 0 0 0 0 0 0 0 0 0 0 0 0 1 1 1 0 0 0 0 0 
408 120 [ 407 ] 1 50 0 0 0 0 0 0 0 0 0 0 0 0 0 0 0 0 0 0 0 0 0 0 0 0 1 1 1 1 
409 120 [ 408 ] 1 50 0 0 0 0 0 0 0 0 0 0 0 0 0 0 0 0 0 0 0 0 0 0 0 0 1 1 1 1 
410 120 [ 409 ] 1 50 0 0 0 0 0 0 0 0 0 0 0 0 0 0 0 0 0 0 0 0 0 0 0 0 1 1 1 1 
411 120 [ 410 ] 1 50 0 0 0 0 0 0 0 0 0 0 0 0 0 0 0 0 0 0 0 0 0 0 0 0 1 1 1 1 
412 60 [ ] 4 100 0 0 0 0 1 0 0 0 0 0 0 0 0 0 0 0 0 0 0 0 0 0 0 0 0 0 0 0 
413 120 [ ] 2 40 0 0 0 0 0 0 0 0 0 0 0 0 1 1 1 1 0 0 0 0 0 0 0 0 0 0 0 0 
414 120 [ 413 ] 2 40 0 0 0 0 0 0 0 0 0 0 0 0 1 1 1 1 0 0 0 0 0 0 0 0 0 0 0 0 
415 120 [ 414 ] 2 40 0 0 0 0 0 0 0 0 0 0 0 0 1 1 1 1 0 0 0 0 0 0 0 0 0 0 0 0 
416 120 [ 415 ] 2 40 0 0 0 0 0 0 0 0 0 0 0 0 1 1 1 1 0 0 0 0 0 0 0 0 0 0 0 0 
417 60 [ ] 3 100 0 0 0 0 0 0 0 0 0 0 0 0 0 0 0 0 1 1 1 0 0 0 0 0 0 0 0 0 
418 30 [ ] 2 50 0 0 0 0 0 0 0 0 0 0 0 0 0 0 0 0 0 0 0 0 4 3 3 0 0 0 0 0 
419 120 [ ] 1 50 0 0 0 0 0 0 0 0 0 0 0 0 0 0 0 0 1 0 0 0 1 1 1 0 0 0 0 0 
420 120 [ 419 ] 1 50 0 0 0 0 0 0 0 0 0 0 0 0 0 0 0 0 1 0 0 0 1 1 1 0 0 0 0 0 
421 30 [ ] 1 40 1 1 1 0 1 0 0 0 1 1 0 0 4 3 3 0 4 3 2 0 0 0 0 0 1 1 1 0 
422 120 [ ] 3 40 0 0 0 0 0 0 0 0 1 0 0 0 0 0 0 0 0 0 0 0 0 0 0 0 0 0 0 0 
423 120 [ 422 ] 3 40 0 0 0 0 0 0 0 0 1 0 0 0 0 0 0 0 0 0 0 0 0 0 0 0 0 0 0 0 
424 120 [ 423 ] 3 40 0 0 0 0 0 0 0 0 1 0 0 0 0 0 0 0 0 0 0 0 0 0 0 0 0 0 0 0 
425 120 [ 424 ] 3 40 0 0 0 0 0 0 0 0 1 0 0 0 0 0 0 0 0 0 0 0 0 0 0 0 0 0 0 0 
426 120 [ 425 ] 3 40 0 0 0 0 0 0 0 0 1 0 0 0 0 0 0 0 0 0 0 0 0 0 0 0 0 0 0 0 
427 120 [ ] 1 20 0 0 0 0 0 0 0 0 0 0 0 0 0 0 0 0 0 0 0 0 2 1 1 1 0 0 0 0 
428 120 [ 427 ] 1 20 0 0 0 0 0 0 0 0 0 0 0 0 0 0 0 0 0 0 0 0 2 1 1 1 0 0 0 0 
429 120 [ 428 ] 1 20 0 0 0 0 0 0 0 0 0 0 0 0 0 0 0 0 0 0 0 0 2 1 1 1 0 0 0 0 
430 120 [ 429 ] 1 20 0 0 0 0 0 0 0 0 0 0 0 0 0 0 0 0 0 0 0 0 2 1 1 1 0 0 0 0 
431 60 [ ] 1 100 0 0 0 0 0 0 0 0 0 0 0 0 0 0 0 0 0 0 0 0 0 0 0 0 1 1 1 1 
432 60 [ ] 1 100 1 1 1 1 1 1 0 0 0 0 0 0 1 1 1 0 1 1 1 1 1 1 1 0 1 1 1 1 
433 120 [ ] 1 40 2 2 0 0 0 0 0 0 0 0 0 0 0 0 0 0 0 0 0 0 0 0 0 0 1 1 0 0 
434 60 [ ] 2 50 1 1 0 0 2 0 0 0 1 1 0 0 1 1 1 1 1 1 0 0 1 1 1 1 1 1 1 0 
435 60 [ 432 433 434 ] 2 50 0 0 0 0 0 0 0 0 0 0 0 0 0 0 0 0 0 0 0 0 0 0 0 0 1 1 1 0 
436 120 [ 435 ] 2 20 1 1 0 0 0 0 0 0 0 0 0 0 0 0 0 0 0 0 0 0 0 0 0 0 0 0 0 0 
437 120 [ 436 ] 2 20 1 1 0 0 0 0 0 0 0 0 0 0 0 0 0 0 0 0 0 0 0 0 0 0 0 0 0 0 
438 120 [ ] 1 100 0 0 0 0 4 2 1 0 0 0 0 0 1 1 1 1 0 0 0 0 0 0 0 0 0 0 0 0 
439 120 [ 438 ] 1 100 0 0 0 0 4 2 1 0 0 0 0 0 1 1 1 1 0 0 0 0 0 0 0 0 0 0 0 0 
440 120 [ 439 ] 1 100 0 0 0 0 4 2 1 0 0 0 0 0 1 1 1 1 0 0 0 0 0 0 0 0 0 0 0 0 
441 120 [ 440 ] 1 100 0 0 0 0 4 2 1 0 0 0 0 0 1 1 1 1 0 0 0 0 0 0 0 0 0 0 0 0 
442 120 [ 441 ] 1 100 0 0 0 0 4 2 1 0 0 0 0 0 1 1 1 1 0 0 0 0 0 0 0 0 0 0 0 0 
443 60 [ 442 ] 4 100 0 0 0 0 4 2 2 0 5 3 1 0 0 0 0 0 0 0 0 0 0 0 0 0 0 0 0 0 
444 120 [ ] 1 50 0 0 0 0 0 0 0 0 1 1 0 0 1 1 0 0 4 0 0 0 3 2 0 0 0 0 0 0 
445 120 [ 444 ] 1 50 0 0 0 0 0 0 0 0 1 1 0 0 1 1 0 0 4 0 0 0 3 2 0 0 0 0 0 0 
446 120 [ 445 ] 1 50 0 0 0 0 0 0 0 0 1 1 0 0 1 1 0 0 4 0 0 0 3 2 0 0 0 0 0 0 
447 120 [ 446 ] 1 50 0 0 0 0 0 0 0 0 1 1 0 0 1 1 0 0 4 0 0 0 3 2 0 0 0 0 0 0 
448 120 [ 447 ] 1 50 0 0 0 0 0 0 0 0 1 1 0 0 1 1 0 0 4 0 0 0 3 2 0 0 0 0 0 0 
449 30 [ ] 4 100 0 0 0 0 0 0 0 0 0 0 0 0 0 0 0 0 4 4 4 4 0 0 0 0 0 0 0 0 
450 30 [ ] 1 50 0 0 0 0 0 0 0 0 1 1 1 1 0 0 0 0 0 0 0 0 0 0 0 0 0 0 0 0 
451 120 [ ] 2 50 0 0 0 0 1 1 1 0 0 0 0 0 0 0 0 0 0 0 0 0 0 0 0 0 0 0 0 0 
452 60 [ 449 450 451 ] 4 100 0 0 0 0 0 0 0 0 0 0 0 0 0 0 0 0 0 0 0 0 1 1 1 0 0 0 0 0 
453 60 [ 450 451 452 ] 4 50 1 1 1 0 0 0 0 0 0 0 0 0 0 0 0 0 0 0 0 0 0 0 0 0 0 0 0 0 
454 30 [ ] 3 50 2 0 0 0 0 0 0 0 0 0 0 0 0 0 0 0 0 0 0 0 0 0 0 0 0 0 0 0 
455 30 [ ] 4 100 4 3 1 0 1 1 1 0 1 1 1 1 5 4 3 0 1 1 1 0 2 2 2 0 0 0 0 0 
456 120 [ ] 1 50 0 0 0 0 0 0 0 0 0 0 0 0 0 0 0 0 0 0 0 0 0 0 0 0 1 1 0 0 
457 120 [ ] 1 20 0 0 0 0 1 1 1 0 0 0 0 0 0 0 0 0 0 0 0 0 0 0 0 0 0 0 0 0 
458 120 [ 456 457 ] 2 100 0 0 0 0 1 0 0 0 0 0 0 0 0 0 0 0 0 0 0 0 0 0 0 0 0 0 0 0 
459 120 [ 458 ] 2 100 0 0 0 0 1 0 0 0 0 0 0 0 0 0 0 0 0 0 0 0 0 0 0 0 0 0 0 0 
460 120 [ 459 ] 2 100 0 0 0 0 1 0 0 0 0 0 0 0 0 0 0 0 0 0 0 0 0 0 0 0 0 0 0 0 
461 120 [ 460 ] 2 100 0 0 0 0 1 0 0 0 0 0 0 0 0 0 0 0 0 0 0 0 0 0 0 0 0 0 0 0 
462 120 [ 461 ] 2 100 0 0 0 0 1 0 0 0 0 0 0 0 0 0 0 0 0 0 0 0 0 0 0 0 0 0 0 0 
463 30 [ 461 462 ] 4 50 1 0 0 0 0 0 0 0 0 0 0 0 0 0 0 0 0 0 0 0 0 0 0 0 0 0 0 0 
464 60 [ ] 1 20 0 0 0 0 0 0 0 0 2 2 1 0 0 0 0 0 0 0 0 0 2 0 0 0 1 1 1 1 
465 60 [ ] 4 100 0 0 0 0 0 0 0 0 0 0 0 0 0 0 0 0 2 2 0 0 0 0 0 0 0 0 0 0 
466 120 [ 463 464 465 ] 4 100 0 0 0 0 0 0 0 0 1 1 0 0 0 0 0 0 0 0 0 0 0 0 0 0 0 0 0 0 
467 30 [ 464 465 466 ] 4 50 1 0 0 0 1 1 1 1 1 0 0 0 1 0 0 0 4 4 3 3 1 1 1 0 1 1 1 1 
468 120 [ ] 1 100 0 0 0 0 0 0 0 0 0 0 0 0 0 0 0 0 0 0 0 0 1 1 1 1 0 0 0 0 
469 120 [ 468 ] 1 100 0 0 0 0 0 0 0 0 0 0 0 0 0 0 0 0 0 0 0 0 1 1 1 1 0 0 0 0 
470 60 [ 467 468 469 ] 4 50 0 0 0 0 5 3 2 0 0 0 0 0 0 0 0 0 0 0 0 0 0 0 0 0 0 0 0 0 
471 120 [ ] 2 100 0 0 0 0 1 1 1 1 0 0 0 0 0 0 0 0 3 3 0 0 1 1 1 1 1 1 0 0 
472 120 [ 471 ] 2 100 0 0 0 0 1 1 1 1 0 0 0 0 0 0 0 0 3 3 0 0 1 1 1 1 1 1 0 0 
473 120 [ 472 ] 2 100 0 0 0 0 1 1 1 1 0 0 0 0 0 0 0 0 3 3 0 0 1 1 1 1 1 1 0 0 
474 30 [ ] 1 40 1 0 0 0 0 0 0 0 0 0 0 0 0 0 0 0 0 0 0 0 0 0 0 0 0 0 0 0 
475 120 [ ] 2 50 1 1 1 1 4 4 3 0 1 1 1 1 3 0 0 0 0 0 0 0 0 0 0 0 1 1 1 0 
476 120 [ 474 475 ] 4 40 1 0 0 0 0 0 0 0 0 0 0 0 0 0 0 0 0 0 0 0 0 0 0 0 0 0 0 0 
477 120 [ 476 ] 4 40 1 0 0 0 0 0 0 0 0 0 0 0 0 0 0 0 0 0 0 0 0 0 0 0 0 0 0 0 
478 120 [ 477 ] 4 50 1 0 0 0 0 0 0 0 0 0 0 0 0 0 0 0 0 0 0 0 0 0 0 0 0 0 0 0 
479 120 [ 478 ] 4 50 1 0 0 0 0 0 0 0 0 0 0 0 0 0 0 0 0 0 0 0 0 0 0 0 0 0 0 0 
480 30 [ ] 1 50 5 4 0 0 0 0 0 0 1 1 1 1 5 3 3 0 2 0 0 0 5 5 3 0 0 0 0 0 
481 120 [ ] 3 50 1 0 0 0 1 0 0 0 1 1 0 0 1 1 1 0 1 1 0 0 1 1 1 0 1 0 0 0 
482 120 [ 481 ] 3 50 1 0 0 0 1 0 0 0 1 1 0 0 1 1 1 0 1 1 0 0 1 1 1 0 1 0 0 0 
483 120 [ 482 ] 3 50 1 0 0 0 1 0 0 0 1 1 0 0 1 1 1 0 1 1 0 0 1 1 1 0 1 0 0 0 
484 120 [ 483 ] 3 50 1 0 0 0 1 0 0 0 1 1 0 0 1 1 1 0 1 1 0 0 1 1 1 0 1 0 0 0 
485 120 [ ] 1 100 0 0 0 0 0 0 0 0 0 0 0 0 0 0 0 0 1 0 0 0 0 0 0 0 0 0 0 0 
486 120 [ 485 ] 1 100 0 0 0 0 0 0 0 0 0 0 0 0 0 0 0 0 1 0 0 0 0 0 0 0 0 0 0 0 
487 120 [ 486 ] 1 100 0 0 0 0 0 0 0 0 0 0 0 0 0 0 0 0 1 0 0 0 0 0 0 0 0 0 0 0 
488 120 [ 487 ] 1 100 0 0 0 0 0 0 0 0 0 0 0 0 0 0 0 0 1 0 0 0 0 0 0 0 0 0 0 0 
489 120 [ 488 ] 1 100 0 0 0 0 0 0 0 0 0 0 0 0 0 0 0 0 1 0 0 0 0 0 0 0 0 0 0 0 
490 60 [ ] 3 100 0 0 0 0 1 1 0 0 0 0 0 0 1 0 0 0 3 2 2 0 0 0 0 0 1 1 1 0 
491 60 [ ] 1 50 0 0 0 0 0 0 0 0 0 0 0 0 0 0 0 0 0 0 0 0 4 0 0 0 0 0 0 0 
492 60 [ 491 ] 3 50 0 0 0 0 1 1 1 1 0 0 0 0 0 0 0 0 0 0 0 0 0 0 0 0 0 0 0 0 
493 60 [ ] 1 50 1 0 0 0 0 0 0 0 0 0 0 0 0 0 0 0 0 0 0 0 0 0 0 0 0 0 0 0 
494 60 [ 493 ] 2 100 0 0 0 0 0 0 0 0 0 0 0 0 0 0 0 0 0 0 0 0 0 0 0 0 3 3 2 2 
495 120 [ 492 493 494 ] 3 40 0 0 0 0 0 0 0 0 0 0 0 0 0 0 0 0 2 0 0 0 0 0 0 0 0 0 0 0 
496 120 [ 495 ] 3 40 0 0 0 0 0 0 0 0 0 0 0 0 0 0 0 0 2 0 0 0 0 0 0 0 0 0 0 0 
497 60 [ 495 496 ] 3 20 0 0 0 0 0 0 0 0 0 0 0 0 1 1 1 0 0 0 0 0 0 0 0 0 0 0 0 0 
498 120 [ 496 497 ] 4 100 0 0 0 0 5 0 0 0 0 0 0 0 0 0 0 0 0 0 0 0 0 0 0 0 0 0 0 0 
499 120 [ 498 ] 4 100 0 0 0 0 5 0 0 0 0 0 0 0 0 0 0 0 0 0 0 0 0 0 0 0 0 0 0 0 
500 120 [ 499 ] 4 100 0 0 0 0 5 0 0 0 0 0 0 0 0 0 0 0 0 0 0 0 0 0 0 0 0 0 0 0 
