tech d1 d2 d3 d4 d5 d6 d7 dispo
1 1 0 0 2 1 4 0 [ ]
2 2 1 3 4 4 4 0 [ 25 ]
3 2 2 0 4 4 0 0 [ 20 ]
4 2 2 1 1 1 0 0 [ 10 ]
5 2 0 0 0 2 1 0 [ ]
6 0 0 3 2 2 3 0 [ ]
7 1 3 2 3 3 4 0 [ ]
8 0 4 0 3 4 4 0 [ 28 ]
9 0 4 1 4 1 3 0 [ ]
10 0 2 0 3 0 3 0 [ 24 ]
11 0 1 0 4 0 0 0 [ ]
12 4 4 1 0 2 3 0 [ ]
13 0 3 3 0 4 3 0 [ ]
14 0 3 1 4 2 4 0 [ 22 33 40 ]
15 0 3 2 0 3 2 0 [ ]
16 3 3 1 2 4 4 4 [ 1 2 3 ]
17 4 2 1 1 4 0 0 [ 26 32 ]
18 2 0 1 1 0 1 0 [ ]
19 3 2 0 4 1 3 0 [ 14 ]
20 4 0 4 1 3 3 0 [ ]
21 2 0 0 2 0 4 0 [ 19 ]
22 0 1 1 2 4 1 0 [ ]
23 3 4 4 4 1 1 0 [ 38 ]
24 3 1 1 1 2 3 1 [ 1 5 6 7 14 15 ]
25 4 2 0 0 1 0 0 [ ]
26 4 3 3 3 0 0 0 [ 11 24 ]
27 2 2 4 0 0 0 0 [ 24 ]
28 4 2 4 0 1 2 0 [ 1 15 35 ]
29 3 2 0 2 4 2 0 [ 8 17 ]
30 2 4 4 1 1 1 0 [ 8 22 ]
31 4 2 0 1 2 0 0 [ ]
32 2 2 1 1 2 3 0 [ 2 ]
33 3 1 1 3 0 3 0 [ 3 16 ]
34 1 0 2 4 0 0 0 [ 31 ]
35 0 3 3 0 2 0 0 [ 10 ]
36 1 4 0 2 2 2 0 [ ]
37 0 1 4 2 4 1 4 [ ]
38 3 2 0 0 0 2 0 [ 10 29 ]
39 4 1 1 0 0 4 0 [ ]
40 2 1 4 4 4 4 0 [ ]
41 0 0 4 0 3 1 0 [ 9 ]
42 2 1 1 4 4 0 0 [ 29 ]
43 2 0 1 4 3 1 0 [ ]
44 4 2 4 3 3 2 0 [ 11 ]
45 1 2 2 2 0 3 2 [ 2 7 9 10]
46 1 2 4 0 4 4 0 [ ]
47 4 0 1 0 3 2 0 [ ]
48 2 4 0 2 3 0 0 [ 1 ]
49 4 2 1 2 4 0 0 [ 9 ]
50 3 3 3 2 3 4 0 [ ]
