number time preds prio cost d1_1 d1_2 d1_3 d1_4 d2_1 d2_2 d2_3 d2_4 d3_1 d3_2 d3_3 d3_4 d4_1 d4_2 d4_3 d4_4 d5_1 d5_2 d5_3 d5_4  
1 15 [ ] 1 100 1 0 0 0 0 0 0 0 0 0 0 0 0 0 0 0 0 0 0 0 
2 60 [ 1 ] 1 150 0 0 0 0 0 0 0 0 2 2 0 0 0 0 0 0 0 0 0 0 
3 120 [ ] 1 300 4 0 0 0 0 0 0 0 0 0 0 0 0 0 0 0 0 0 0 0 
4 15 [ ] 1 200 0 0 0 0 0 0 0 0 0 0 0 0 0 0 0 0 1 1 1 1 
5 15 [ ] 1 100 1 1 1 1 0 0 0 0 0 0 0 0 0 0 0 0 0 0 0 0 
6 60 [ ] 1 300 0 0 0 0 0 0 0 0 0 0 0 0 0 0 0 0 3 3 2 2 
7 15 [ ] 1 400 0 0 0 0 0 0 0 0 0 0 0 0 4 0 0 0 0 0 0 0 
8 60 [ ] 1 600 0 0 0 0 0 0 0 0 1 0 0 0 0 0 0 0 0 0 0 0 
9 60 [ ] 1 600 0 0 0 0 1 1 0 0 0 0 0 0 0 0 0 0 0 0 0 0 
10 60 [ ] 1 300 1 0 0 0 0 0 0 0 0 0 0 0 0 0 0 0 0 0 0 0 
11 60 [ ] 1 600 0 0 0 0 0 0 0 0 1 1 1 0 0 0 0 0 0 0 0 0 
12 60 [ ] 3 200 1 1 1 1 0 0 0 0 0 0 0 0 0 0 0 0 0 0 0 0 
13 15 [ ] 3 300 0 0 0 0 0 0 0 0 0 0 0 0 0 0 0 0 1 1 1 0 
14 15 [ ] 1 200 0 0 0 0 1 0 0 0 0 0 0 0 0 0 0 0 0 0 0 0 
15 60 [ ] 1 300 0 0 0 0 0 0 0 0 1 1 1 0 0 0 0 0 0 0 0 0 
16 120 [ ] 1 400 0 0 0 0 0 0 0 0 3 1 0 0 0 0 0 0 0 0 0 0 
17 15 [ ] 1 200 0 0 0 0 0 0 0 0 1 1 0 0 0 0 0 0 0 0 0 0 
18 15 [ ] 1 200 0 0 0 0 0 0 0 0 0 0 0 0 0 0 0 0 5 4 0 0 
19 60 [ ] 3 300 1 0 0 0 0 0 0 0 0 0 0 0 0 0 0 0 0 0 0 0 
20 60 [ ] 1 300 1 0 0 0 0 0 0 0 4 0 0 0 0 0 0 0 0 0 0 0 
21 60 [ ] 1 600 0 0 0 0 0 0 0 0 0 0 0 0 0 0 0 0 2 2 2 1 
22 120 [ ] 3 300 0 0 0 0 1 1 0 0 0 0 0 0 0 0 0 0 0 0 0 0 
23 60 [ 19 20 21 22 ] 3 200 0 0 0 0 2 0 0 0 0 0 0 0 0 0 0 0 0 0 0 0 
24 60 [ ] 3 300 0 0 0 0 0 0 0 0 1 1 0 0 0 0 0 0 0 0 0 0 
25 60 [ ] 1 300 1 1 0 0 3 2 0 0 3 1 0 0 4 2 0 0 1 1 0 0 
26 60 [ ] 2 300 0 0 0 0 0 0 0 0 0 0 0 0 1 0 0 0 0 0 0 0 
27 60 [ ] 1 300 1 0 0 0 0 0 0 0 0 0 0 0 0 0 0 0 0 0 0 0 
28 60 [ ] 1 200 0 0 0 0 0 0 0 0 0 0 0 0 1 1 1 1 0 0 0 0 
29 60 [ ] 1 100 0 0 0 0 0 0 0 0 0 0 0 0 0 0 0 0 1 1 1 1 
30 60 [ ] 1 100 0 0 0 0 0 0 0 0 0 0 0 0 1 1 1 0 0 0 0 0 
31 60 [ 28 29 30 ] 1 400 0 0 0 0 0 0 0 0 4 0 0 0 0 0 0 0 0 0 0 0 
32 120 [ ] 2 150 0 0 0 0 0 0 0 0 1 0 0 0 0 0 0 0 0 0 0 0 
33 60 [ ] 2 200 0 0 0 0 1 1 1 1 0 0 0 0 0 0 0 0 0 0 0 0 
34 60 [ ] 3 100 0 0 0 0 0 0 0 0 0 0 0 0 0 0 0 0 1 1 1 1 
35 15 [ ] 3 100 0 0 0 0 0 0 0 0 0 0 0 0 5 5 4 1 0 0 0 0 
36 60 [ ] 3 400 1 0 0 0 0 0 0 0 0 0 0 0 0 0 0 0 0 0 0 0 
37 60 [ ] 1 50 1 1 0 0 5 2 0 0 0 0 0 0 0 0 0 0 0 0 0 0 
38 60 [ ] 3 400 0 0 0 0 0 0 0 0 0 0 0 0 1 1 0 0 0 0 0 0 
39 60 [ ] 1 400 1 0 0 0 2 0 0 0 1 1 0 0 2 2 0 0 1 1 0 0 
40 15 [ 39 ] 1 150 0 0 0 0 0 0 0 0 0 0 0 0 0 0 0 0 5 4 0 0 
41 60 [ ] 1 200 0 0 0 0 0 0 0 0 0 0 0 0 1 1 0 0 0 0 0 0 
42 60 [ ] 1 400 0 0 0 0 1 1 0 0 0 0 0 0 0 0 0 0 0 0 0 0 
43 15 [ 41 42 ] 3 300 0 0 0 0 0 0 0 0 3 3 2 2 0 0 0 0 0 0 0 0 
44 60 [ ] 1 200 1 1 1 1 0 0 0 0 0 0 0 0 0 0 0 0 0 0 0 0 
45 60 [ ] 2 200 0 0 0 0 0 0 0 0 2 2 1 0 0 0 0 0 0 0 0 0 
46 60 [ ] 3 200 1 0 0 0 0 0 0 0 0 0 0 0 0 0 0 0 0 0 0 0 
47 60 [ ] 1 50 0 0 0 0 0 0 0 0 0 0 0 0 0 0 0 0 1 1 0 0 
48 15 [ ] 1 400 1 0 0 0 0 0 0 0 0 0 0 0 0 0 0 0 0 0 0 0 
49 60 [ ] 3 50 0 0 0 0 0 0 0 0 0 0 0 0 0 0 0 0 1 1 1 1 
50 60 [ ] 2 400 0 0 0 0 0 0 0 0 0 0 0 0 1 1 0 0 0 0 0 0 
