number time preds prio cost d1_1 d1_2 d1_3 d2_1 d2_2 d2_3 d3_1 d3_2 d3_3 d4_1 d4_2 d4_3  
1 60 [ ] 1 300 1 0 0 0 0 0 4 3 0 0 0 0 
2 60 [ 1 ] 1 100 1 0 0 0 0 0 0 0 0 0 0 0 
3 15 [ 2 ] 1 300 0 0 0 0 0 0 1 1 0 0 0 0 
4 60 [ ] 2 400 3 0 0 1 0 0 1 0 0 0 0 0 
5 60 [ ] 2 400 0 0 0 0 0 0 0 0 0 1 0 0 
6 60 [ ] 1 50 0 0 0 2 0 0 0 0 0 0 0 0 
7 15 [ ] 1 400 1 0 0 0 0 0 0 0 0 0 0 0 
8 60 [ ] 2 200 0 0 0 0 0 0 4 0 0 0 0 0 
9 60 [ ] 1 600 0 0 0 0 0 0 0 0 0 1 0 0 
10 84 [ ] 1 200 0 0 0 0 0 0 0 0 0 1 1 0 
11 60 [ 7 8 9 10 ] 2 200 0 0 0 0 0 0 4 0 0 0 0 0 
12 60 [ ] 3 100 4 0 0 0 0 0 0 0 0 0 0 0 
13 60 [ ] 3 150 0 0 0 1 0 0 0 0 0 0 0 0 
14 15 [ ] 2 600 0 0 0 0 0 0 1 0 0 0 0 0 
15 60 [ ] 3 150 4 0 0 0 0 0 0 0 0 0 0 0 
16 60 [ ] 1 200 0 0 0 0 0 0 1 0 0 0 0 0 
17 15 [ ] 1 150 0 0 0 0 0 0 0 0 0 2 0 0 
18 60 [ ] 1 200 0 0 0 0 0 0 0 0 0 4 2 0 
19 60 [ 18 ] 3 50 0 0 0 0 0 0 5 2 0 0 0 0 
20 15 [ ] 1 100 0 0 0 1 0 0 0 0 0 0 0 0 
