number time preds prio cost d1_1 d1_2 d1_3 d1_4 d2_1 d2_2 d2_3 d2_4 d3_1 d3_2 d3_3 d3_4 d4_1 d4_2 d4_3 d4_4  
1 15 [ ] 4 20 0 0 0 0 0 0 0 0 3 3 3 1 4 4 4 4 
2 15 [ 1 ] 4 40 0 0 0 0 1 1 1 0 0 0 0 0 0 0 0 0 
3 60 [ ] 2 40 1 1 1 0 4 2 1 1 1 0 0 0 5 4 4 0 
4 15 [ ] 1 40 0 0 0 0 5 0 0 0 0 0 0 0 0 0 0 0 
5 15 [ ] 2 20 0 0 0 0 3 3 2 0 0 0 0 0 0 0 0 0 
6 15 [ ] 4 20 5 4 2 2 5 2 0 0 1 1 1 1 1 1 1 0 
7 60 [ ] 1 20 5 5 3 2 0 0 0 0 0 0 0 0 0 0 0 0 
8 15 [ ] 4 20 4 3 0 0 5 3 0 0 0 0 0 0 4 0 0 0 
9 15 [ ] 2 20 0 0 0 0 0 0 0 0 1 0 0 0 0 0 0 0 
10 60 [ 9 ] 2 40 0 0 0 0 0 0 0 0 5 0 0 0 0 0 0 0 
11 15 [ ] 4 20 0 0 0 0 5 0 0 0 1 0 0 0 3 0 0 0 
12 60 [ ] 3 40 3 2 1 1 0 0 0 0 0 0 0 0 0 0 0 0 
13 120 [ 12 ] 3 20 5 4 1 0 1 1 0 0 1 0 0 0 3 2 0 0 
14 60 [ ] 3 40 0 0 0 0 1 1 1 0 5 4 2 0 1 1 1 0 
15 15 [ 14 ] 3 20 0 0 0 0 1 1 1 0 5 0 0 0 0 0 0 0 
16 15 [ ] 3 10 0 0 0 0 0 0 0 0 5 4 0 0 5 3 3 1 
17 60 [ ] 2 40 3 1 0 0 5 2 0 0 2 2 1 1 3 2 0 0 
18 15 [ ] 3 20 0 0 0 0 0 0 0 0 0 0 0 0 5 4 0 0 
19 60 [ ] 4 40 1 1 0 0 5 4 0 0 0 0 0 0 0 0 0 0 
20 15 [ ] 3 10 5 0 0 0 3 0 0 0 4 3 1 0 0 0 0 0 
21 15 [ ] 2 30 1 1 0 0 0 0 0 0 0 0 0 0 5 5 1 0 
22 15 [ ] 4 40 0 0 0 0 0 0 0 0 0 0 0 0 5 0 0 0 
23 15 [ ] 4 20 1 1 1 1 0 0 0 0 0 0 0 0 1 0 0 0 
24 15 [ ] 1 40 0 0 0 0 0 0 0 0 0 0 0 0 5 3 0 0 
25 60 [ ] 4 20 0 0 0 0 1 0 0 0 1 1 0 0 0 0 0 0 
26 60 [ ] 4 20 1 1 0 0 0 0 0 0 0 0 0 0 1 1 0 0 
27 60 [ ] 1 30 1 1 1 0 0 0 0 0 0 0 0 0 1 0 0 0 
28 15 [ ] 3 10 5 0 0 0 5 3 2 0 1 0 0 0 0 0 0 0 
29 15 [ ] 2 20 0 0 0 0 0 0 0 0 0 0 0 0 2 1 0 0 
30 15 [ ] 3 40 1 0 0 0 0 0 0 0 1 1 0 0 0 0 0 0 
31 60 [ ] 1 20 4 0 0 0 0 0 0 0 0 0 0 0 5 4 2 1 
32 15 [ ] 1 40 2 0 0 0 5 5 3 0 5 4 3 0 5 5 0 0 
33 15 [ ] 1 40 0 0 0 0 0 0 0 0 3 3 2 0 1 1 1 0 
34 15 [ ] 1 20 5 3 1 0 0 0 0 0 3 3 0 0 5 4 0 0 
35 15 [ ] 1 40 0 0 0 0 4 2 0 0 0 0 0 0 2 1 0 0 
36 15 [ ] 1 20 0 0 0 0 0 0 0 0 0 0 0 0 2 0 0 0 
37 15 [ ] 1 20 5 2 0 0 3 0 0 0 4 2 0 0 1 1 1 0 
38 60 [ ] 2 40 0 0 0 0 0 0 0 0 1 1 0 0 0 0 0 0 
39 15 [ ] 4 40 5 0 0 0 0 0 0 0 0 0 0 0 0 0 0 0 
40 120 [ ] 3 40 0 0 0 0 0 0 0 0 0 0 0 0 5 2 0 0 
41 60 [ ] 1 20 5 0 0 0 0 0 0 0 5 0 0 0 0 0 0 0 
42 15 [ ] 1 40 1 0 0 0 1 0 0 0 3 2 1 0 3 0 0 0 
43 15 [ ] 3 30 0 0 0 0 1 1 1 1 0 0 0 0 1 1 0 0 
44 15 [ ] 4 20 0 0 0 0 0 0 0 0 0 0 0 0 2 2 2 0 
45 15 [ ] 4 60 0 0 0 0 4 2 2 2 1 1 1 1 0 0 0 0 
46 15 [ ] 4 20 1 1 1 0 2 2 0 0 0 0 0 0 5 0 0 0 
47 15 [ ] 4 40 5 0 0 0 0 0 0 0 0 0 0 0 0 0 0 0 
48 60 [ ] 3 30 0 0 0 0 0 0 0 0 1 1 0 0 0 0 0 0 
49 15 [ ] 2 20 0 0 0 0 1 1 1 0 0 0 0 0 1 1 0 0 
50 15 [ ] 4 20 1 0 0 0 5 4 2 0 5 0 0 0 5 0 0 0 
51 15 [ ] 4 40 2 1 0 0 2 2 2 1 1 1 1 1 1 1 0 0 
52 15 [ ] 3 20 0 0 0 0 0 0 0 0 0 0 0 0 1 1 0 0 
53 15 [ ] 4 40 1 0 0 0 0 0 0 0 0 0 0 0 4 2 2 0 
54 60 [ ] 4 40 5 3 3 2 0 0 0 0 0 0 0 0 0 0 0 0 
55 120 [ ] 3 40 5 2 2 0 5 2 0 0 4 0 0 0 0 0 0 0 
56 120 [ 55 ] 3 40 5 2 2 0 5 2 0 0 4 0 0 0 0 0 0 0 
57 15 [ ] 2 20 0 0 0 0 1 1 1 1 0 0 0 0 1 1 1 0 
58 15 [ ] 2 40 5 0 0 0 0 0 0 0 3 3 2 1 0 0 0 0 
59 60 [ ] 3 40 0 0 0 0 2 0 0 0 5 4 2 1 0 0 0 0 
60 15 [ ] 2 20 3 1 0 0 0 0 0 0 0 0 0 0 1 1 1 0 
61 60 [ ] 2 40 5 0 0 0 0 0 0 0 4 2 0 0 0 0 0 0 
62 15 [ ] 3 20 0 0 0 0 0 0 0 0 2 2 0 0 5 0 0 0 
63 15 [ ] 2 20 5 0 0 0 5 3 0 0 3 2 2 2 3 0 0 0 
64 15 [ 63 ] 2 60 0 0 0 0 0 0 0 0 0 0 0 0 5 4 3 0 
65 15 [ ] 1 20 1 1 1 1 5 3 0 0 1 1 0 0 1 1 1 1 
66 60 [ ] 1 20 1 1 1 0 4 0 0 0 5 4 2 0 2 1 1 0 
67 60 [ ] 2 40 1 1 0 0 0 0 0 0 4 4 0 0 5 5 3 3 
68 15 [ ] 1 20 2 0 0 0 5 3 2 0 5 3 1 0 2 2 2 2 
69 60 [ ] 3 60 2 1 0 0 2 2 1 0 1 1 0 0 2 1 1 0 
70 15 [ ] 2 40 4 2 0 0 0 0 0 0 1 1 1 0 0 0 0 0 
71 15 [ ] 2 20 0 0 0 0 5 0 0 0 0 0 0 0 0 0 0 0 
72 60 [ 71 ] 2 40 0 0 0 0 1 1 0 0 0 0 0 0 0 0 0 0 
73 15 [ 72 ] 4 20 2 2 2 2 0 0 0 0 0 0 0 0 0 0 0 0 
74 15 [ ] 4 20 3 0 0 0 4 3 0 0 5 0 0 0 0 0 0 0 
75 15 [ ] 1 40 1 1 1 0 1 1 0 0 1 1 1 0 1 1 1 0 
76 15 [ ] 1 20 0 0 0 0 0 0 0 0 5 5 0 0 5 0 0 0 
77 15 [ ] 4 40 0 0 0 0 5 2 1 0 0 0 0 0 0 0 0 0 
78 15 [ ] 4 20 1 1 1 1 4 4 2 0 1 0 0 0 0 0 0 0 
79 15 [ ] 1 40 5 0 0 0 0 0 0 0 1 1 0 0 4 3 1 0 
80 15 [ ] 1 40 0 0 0 0 1 1 1 1 0 0 0 0 3 3 3 3 
81 60 [ ] 2 40 4 0 0 0 0 0 0 0 0 0 0 0 0 0 0 0 
82 15 [ ] 4 40 3 2 0 0 1 1 1 0 0 0 0 0 2 2 2 1 
83 120 [ ] 2 40 5 2 0 0 0 0 0 0 0 0 0 0 1 0 0 0 
84 120 [ 83 ] 2 40 5 2 0 0 0 0 0 0 0 0 0 0 1 0 0 0 
85 60 [ ] 3 40 5 0 0 0 0 0 0 0 0 0 0 0 4 0 0 0 
86 60 [ ] 4 40 1 1 1 1 2 2 2 0 4 2 0 0 2 0 0 0 
87 15 [ ] 3 60 1 0 0 0 3 2 0 0 5 5 2 0 0 0 0 0 
88 15 [ ] 2 20 0 0 0 0 0 0 0 0 5 4 3 3 0 0 0 0 
89 60 [ ] 2 30 0 0 0 0 4 2 0 0 4 0 0 0 2 1 1 0 
90 60 [ ] 1 20 2 1 0 0 1 1 1 0 2 2 1 0 0 0 0 0 
91 15 [ ] 3 20 0 0 0 0 0 0 0 0 0 0 0 0 5 0 0 0 
92 15 [ ] 4 20 1 1 1 1 0 0 0 0 0 0 0 0 5 5 0 0 
93 15 [ 92 ] 4 20 0 0 0 0 0 0 0 0 0 0 0 0 5 4 2 0 
94 120 [ ] 1 40 0 0 0 0 0 0 0 0 0 0 0 0 1 1 1 0 
95 120 [ 94 ] 1 40 0 0 0 0 0 0 0 0 0 0 0 0 1 1 1 0 
96 15 [ ] 2 40 0 0 0 0 2 2 0 0 1 1 1 0 5 4 4 2 
97 60 [ ] 4 20 0 0 0 0 0 0 0 0 0 0 0 0 5 0 0 0 
98 15 [ ] 1 20 0 0 0 0 0 0 0 0 0 0 0 0 3 0 0 0 
99 15 [ ] 2 40 4 1 0 0 1 0 0 0 0 0 0 0 0 0 0 0 
100 15 [ ] 4 40 3 0 0 0 2 2 2 0 1 0 0 0 1 1 1 1 
101 60 [ ] 3 40 0 0 0 0 0 0 0 0 5 4 2 0 0 0 0 0 
102 15 [ ] 4 40 1 1 0 0 5 0 0 0 5 0 0 0 4 2 0 0 
103 15 [ ] 4 60 0 0 0 0 0 0 0 0 0 0 0 0 5 2 0 0 
104 15 [ ] 3 20 1 1 1 1 3 2 1 1 0 0 0 0 0 0 0 0 
105 60 [ ] 3 20 0 0 0 0 0 0 0 0 1 1 0 0 2 2 2 1 
106 15 [ ] 4 20 0 0 0 0 2 0 0 0 1 1 0 0 0 0 0 0 
107 15 [ ] 3 40 4 0 0 0 0 0 0 0 1 0 0 0 1 0 0 0 
108 60 [ ] 3 20 5 0 0 0 5 5 5 0 0 0 0 0 2 2 0 0 
109 15 [ ] 1 30 3 3 3 1 0 0 0 0 0 0 0 0 1 1 0 0 
110 15 [ ] 1 20 5 0 0 0 3 0 0 0 0 0 0 0 0 0 0 0 
111 15 [ ] 1 30 4 0 0 0 0 0 0 0 5 4 3 0 1 1 0 0 
112 15 [ 111 ] 1 40 5 3 0 0 0 0 0 0 1 0 0 0 1 1 1 0 
113 15 [ ] 1 40 0 0 0 0 0 0 0 0 1 1 0 0 1 1 0 0 
114 15 [ ] 4 40 0 0 0 0 1 1 0 0 0 0 0 0 0 0 0 0 
115 60 [ ] 1 40 1 1 1 0 0 0 0 0 3 2 1 0 0 0 0 0 
116 15 [ ] 3 40 4 0 0 0 0 0 0 0 5 2 0 0 0 0 0 0 
117 15 [ ] 3 40 0 0 0 0 5 2 0 0 0 0 0 0 4 0 0 0 
118 15 [ ] 3 40 0 0 0 0 5 4 0 0 0 0 0 0 1 0 0 0 
119 15 [ ] 4 40 5 5 3 3 0 0 0 0 5 4 3 2 0 0 0 0 
120 120 [ ] 1 40 1 1 0 0 0 0 0 0 0 0 0 0 1 0 0 0 
121 15 [ ] 3 40 1 1 0 0 0 0 0 0 0 0 0 0 0 0 0 0 
122 15 [ ] 1 40 2 2 1 1 1 1 1 0 0 0 0 0 0 0 0 0 
123 60 [ ] 4 20 5 0 0 0 3 0 0 0 5 0 0 0 1 0 0 0 
124 15 [ ] 4 20 1 0 0 0 0 0 0 0 0 0 0 0 0 0 0 0 
125 15 [ ] 3 60 1 0 0 0 3 0 0 0 3 2 0 0 1 1 1 1 
126 120 [ ] 3 20 0 0 0 0 2 0 0 0 0 0 0 0 5 4 3 3 
127 120 [ 126 ] 3 20 0 0 0 0 2 0 0 0 0 0 0 0 5 4 3 3 
128 15 [ ] 1 40 0 0 0 0 0 0 0 0 0 0 0 0 5 2 0 0 
129 15 [ ] 2 20 1 1 1 1 5 2 0 0 0 0 0 0 3 3 0 0 
130 15 [ ] 3 20 1 0 0 0 5 5 5 0 1 1 1 1 2 2 0 0 
131 15 [ 130 ] 3 40 0 0 0 0 1 1 0 0 0 0 0 0 0 0 0 0 
132 120 [ ] 4 40 3 2 1 0 0 0 0 0 0 0 0 0 0 0 0 0 
133 15 [ ] 1 20 1 1 1 1 1 1 0 0 1 1 1 0 1 1 1 0 
134 60 [ ] 4 20 0 0 0 0 0 0 0 0 0 0 0 0 4 3 3 0 
135 15 [ 134 ] 4 30 0 0 0 0 0 0 0 0 5 4 2 0 0 0 0 0 
136 15 [ ] 4 20 0 0 0 0 0 0 0 0 4 0 0 0 5 0 0 0 
137 15 [ ] 2 20 0 0 0 0 3 1 0 0 5 3 0 0 0 0 0 0 
138 60 [ ] 2 40 1 1 0 0 0 0 0 0 0 0 0 0 0 0 0 0 
139 15 [ ] 2 40 0 0 0 0 0 0 0 0 1 0 0 0 0 0 0 0 
140 15 [ ] 3 40 4 0 0 0 0 0 0 0 0 0 0 0 0 0 0 0 
141 15 [ ] 2 20 4 3 0 0 1 1 1 0 0 0 0 0 0 0 0 0 
142 60 [ ] 3 20 0 0 0 0 1 1 1 1 0 0 0 0 0 0 0 0 
143 60 [ ] 3 60 1 1 1 1 1 1 1 1 1 1 1 1 0 0 0 0 
144 15 [ 143 ] 4 40 0 0 0 0 5 4 0 0 1 0 0 0 0 0 0 0 
145 15 [ ] 1 30 2 1 1 0 1 1 1 0 4 1 0 0 0 0 0 0 
146 15 [ ] 2 60 1 0 0 0 0 0 0 0 0 0 0 0 0 0 0 0 
147 15 [ ] 1 20 0 0 0 0 0 0 0 0 5 5 1 0 1 1 1 1 
148 15 [ ] 3 40 4 0 0 0 2 2 1 1 0 0 0 0 5 5 0 0 
149 15 [ ] 1 20 1 1 0 0 1 1 0 0 3 0 0 0 0 0 0 0 
150 15 [ ] 3 10 0 0 0 0 0 0 0 0 5 0 0 0 5 0 0 0 
151 15 [ ] 4 40 0 0 0 0 4 0 0 0 0 0 0 0 1 0 0 0 
152 120 [ 151 ] 4 20 5 4 3 3 0 0 0 0 0 0 0 0 5 3 0 0 
153 15 [ ] 1 40 5 0 0 0 5 3 0 0 1 1 0 0 5 2 0 0 
154 60 [ ] 1 20 5 0 0 0 1 1 1 0 0 0 0 0 5 4 3 0 
155 15 [ ] 3 20 0 0 0 0 0 0 0 0 0 0 0 0 1 0 0 0 
156 60 [ ] 3 40 0 0 0 0 0 0 0 0 0 0 0 0 5 0 0 0 
157 15 [ 156 ] 3 20 1 1 1 0 0 0 0 0 0 0 0 0 5 5 4 2 
158 15 [ 157 ] 3 30 0 0 0 0 0 0 0 0 0 0 0 0 1 1 0 0 
159 15 [ ] 4 40 1 1 1 1 0 0 0 0 0 0 0 0 0 0 0 0 
160 15 [ 159 ] 4 20 0 0 0 0 4 3 2 0 0 0 0 0 0 0 0 0 
161 60 [ ] 2 40 1 0 0 0 5 3 0 0 1 1 0 0 1 1 0 0 
162 15 [ ] 1 20 0 0 0 0 0 0 0 0 0 0 0 0 5 0 0 0 
163 60 [ ] 4 10 5 0 0 0 1 1 0 0 3 3 2 2 5 3 2 1 
164 15 [ ] 1 40 5 3 1 1 0 0 0 0 0 0 0 0 1 1 0 0 
165 15 [ 164 ] 1 40 4 0 0 0 0 0 0 0 0 0 0 0 1 0 0 0 
166 60 [ ] 3 30 0 0 0 0 0 0 0 0 0 0 0 0 2 2 2 1 
167 15 [ ] 1 30 2 2 1 1 0 0 0 0 0 0 0 0 0 0 0 0 
168 15 [ ] 2 40 1 1 1 1 0 0 0 0 2 2 0 0 0 0 0 0 
169 15 [ ] 3 20 5 0 0 0 0 0 0 0 1 1 1 1 0 0 0 0 
170 15 [ ] 3 20 1 1 0 0 1 0 0 0 3 2 2 0 2 0 0 0 
171 15 [ ] 2 20 4 0 0 0 1 0 0 0 0 0 0 0 0 0 0 0 
172 15 [ ] 3 10 3 3 0 0 1 1 1 1 0 0 0 0 0 0 0 0 
173 60 [ 172 ] 3 60 0 0 0 0 0 0 0 0 3 2 2 0 4 0 0 0 
174 15 [ ] 2 40 3 0 0 0 1 0 0 0 2 2 1 0 4 0 0 0 
175 15 [ 174 ] 2 20 0 0 0 0 5 2 1 0 0 0 0 0 1 1 0 0 
176 15 [ 175 ] 2 60 0 0 0 0 0 0 0 0 5 0 0 0 0 0 0 0 
177 60 [ 176 ] 3 60 0 0 0 0 1 1 1 0 0 0 0 0 1 1 1 1 
178 15 [ ] 3 20 3 0 0 0 5 3 1 0 4 0 0 0 5 3 0 0 
179 60 [ ] 2 40 1 1 1 0 5 2 0 0 0 0 0 0 1 0 0 0 
180 60 [ ] 2 40 5 0 0 0 1 1 1 0 1 1 1 1 4 2 1 0 
181 60 [ ] 1 20 5 5 5 4 0 0 0 0 4 0 0 0 1 1 1 0 
182 120 [ ] 3 40 2 2 0 0 1 1 1 1 0 0 0 0 0 0 0 0 
183 120 [ ] 2 40 0 0 0 0 3 2 2 2 3 2 0 0 1 1 1 1 
184 120 [ 183 ] 2 40 0 0 0 0 3 2 2 2 3 2 0 0 1 1 1 1 
185 15 [ ] 3 20 1 1 0 0 0 0 0 0 0 0 0 0 0 0 0 0 
186 15 [ 185 ] 3 20 1 1 1 1 4 3 0 0 1 0 0 0 1 1 0 0 
187 15 [ ] 2 20 0 0 0 0 0 0 0 0 2 1 0 0 0 0 0 0 
188 15 [ ] 2 40 1 1 0 0 1 1 0 0 0 0 0 0 5 4 2 0 
189 15 [ ] 3 20 1 1 0 0 5 0 0 0 0 0 0 0 0 0 0 0 
190 15 [ ] 2 20 5 3 0 0 1 1 1 0 2 2 0 0 2 0 0 0 
191 15 [ ] 2 30 1 1 0 0 0 0 0 0 0 0 0 0 5 0 0 0 
192 15 [ ] 3 30 2 2 2 0 0 0 0 0 4 3 1 0 2 0 0 0 
193 60 [ ] 4 30 5 4 2 1 4 0 0 0 0 0 0 0 0 0 0 0 
194 15 [ 193 ] 4 20 0 0 0 0 0 0 0 0 0 0 0 0 1 1 0 0 
195 15 [ ] 1 20 0 0 0 0 0 0 0 0 5 2 0 0 1 1 1 0 
196 15 [ ] 1 10 2 0 0 0 5 2 2 0 5 0 0 0 4 0 0 0 
197 15 [ ] 1 30 1 0 0 0 1 1 0 0 4 1 1 1 2 0 0 0 
198 15 [ ] 4 20 0 0 0 0 0 0 0 0 2 0 0 0 0 0 0 0 
199 60 [ ] 1 20 1 0 0 0 3 0 0 0 0 0 0 0 0 0 0 0 
200 15 [ ] 3 20 5 4 3 0 1 1 1 1 1 0 0 0 4 4 3 3 
201 60 [ 200 ] 3 40 0 0 0 0 0 0 0 0 1 0 0 0 1 1 1 0 
202 60 [ 201 ] 4 20 5 4 2 1 1 0 0 0 1 0 0 0 1 1 1 0 
203 15 [ ] 1 60 0 0 0 0 0 0 0 0 1 0 0 0 0 0 0 0 
204 60 [ 203 ] 1 20 0 0 0 0 0 0 0 0 4 1 0 0 0 0 0 0 
205 15 [ ] 3 20 2 2 0 0 5 4 0 0 5 1 0 0 5 0 0 0 
206 15 [ ] 2 20 5 3 0 0 3 2 1 0 5 4 3 0 2 2 1 1 
207 15 [ ] 1 40 0 0 0 0 0 0 0 0 0 0 0 0 1 1 0 0 
208 15 [ 207 ] 4 20 0 0 0 0 5 4 4 0 5 0 0 0 0 0 0 0 
209 60 [ ] 4 20 5 5 3 0 1 1 0 0 1 1 0 0 5 0 0 0 
210 15 [ ] 3 40 2 2 2 0 0 0 0 0 5 0 0 0 0 0 0 0 
211 60 [ 210 ] 4 20 5 0 0 0 1 1 1 1 0 0 0 0 0 0 0 0 
212 15 [ ] 1 40 1 1 0 0 0 0 0 0 1 1 0 0 0 0 0 0 
213 15 [ ] 1 30 1 1 1 1 5 3 1 0 5 4 4 0 0 0 0 0 
214 15 [ ] 1 20 0 0 0 0 1 1 1 1 0 0 0 0 4 0 0 0 
215 15 [ ] 2 20 4 3 0 0 0 0 0 0 3 0 0 0 0 0 0 0 
216 15 [ ] 1 20 1 1 0 0 1 1 0 0 2 2 2 0 0 0 0 0 
217 15 [ ] 2 20 0 0 0 0 0 0 0 0 0 0 0 0 4 3 0 0 
218 15 [ 217 ] 2 40 4 1 0 0 0 0 0 0 0 0 0 0 4 4 3 2 
219 60 [ ] 1 20 0 0 0 0 0 0 0 0 1 1 1 1 1 1 0 0 
220 15 [ ] 3 10 1 0 0 0 1 1 0 0 1 1 1 1 3 3 0 0 
221 15 [ ] 2 20 0 0 0 0 0 0 0 0 1 1 1 0 1 1 1 1 
222 60 [ ] 1 20 5 0 0 0 0 0 0 0 0 0 0 0 0 0 0 0 
223 15 [ ] 1 10 0 0 0 0 0 0 0 0 0 0 0 0 3 0 0 0 
224 15 [ ] 4 20 0 0 0 0 0 0 0 0 0 0 0 0 1 1 1 1 
225 15 [ ] 2 60 5 4 3 0 0 0 0 0 2 0 0 0 0 0 0 0 
226 60 [ ] 1 40 4 2 0 0 5 0 0 0 1 1 1 0 1 1 0 0 
227 60 [ ] 4 20 1 1 1 0 1 1 1 0 1 1 1 1 5 0 0 0 
228 15 [ ] 2 40 5 4 0 0 1 0 0 0 4 4 1 0 4 3 3 3 
229 15 [ 228 ] 3 40 0 0 0 0 0 0 0 0 0 0 0 0 2 1 1 1 
230 15 [ ] 1 20 5 5 4 1 5 0 0 0 4 2 0 0 5 0 0 0 
231 15 [ ] 2 20 1 1 0 0 0 0 0 0 5 3 2 0 0 0 0 0 
232 15 [ ] 2 40 0 0 0 0 1 0 0 0 0 0 0 0 0 0 0 0 
233 15 [ ] 1 40 0 0 0 0 4 4 0 0 0 0 0 0 1 1 0 0 
234 15 [ ] 4 60 1 1 0 0 4 3 3 0 3 0 0 0 0 0 0 0 
235 15 [ ] 3 40 2 0 0 0 3 2 2 0 2 2 0 0 0 0 0 0 
236 60 [ ] 3 20 1 0 0 0 1 1 1 0 3 2 2 0 1 0 0 0 
237 15 [ ] 3 10 1 1 0 0 0 0 0 0 4 2 1 0 0 0 0 0 
238 15 [ ] 2 30 5 5 4 0 5 3 2 0 2 2 1 0 3 2 0 0 
239 15 [ ] 3 40 0 0 0 0 1 0 0 0 0 0 0 0 0 0 0 0 
240 15 [ ] 3 20 1 0 0 0 0 0 0 0 0 0 0 0 0 0 0 0 
241 15 [ ] 4 10 2 0 0 0 0 0 0 0 3 3 2 0 5 3 2 2 
242 60 [ ] 1 40 0 0 0 0 2 1 1 0 0 0 0 0 0 0 0 0 
243 60 [ ] 4 40 0 0 0 0 1 1 1 0 0 0 0 0 1 1 1 0 
244 15 [ ] 3 40 3 3 0 0 1 1 1 1 5 5 0 0 0 0 0 0 
245 60 [ ] 2 20 1 0 0 0 0 0 0 0 0 0 0 0 1 1 0 0 
246 15 [ ] 1 20 1 1 0 0 3 2 1 0 2 2 2 0 4 4 3 2 
247 15 [ ] 1 40 0 0 0 0 1 1 0 0 5 0 0 0 2 0 0 0 
248 15 [ ] 1 40 0 0 0 0 0 0 0 0 1 0 0 0 5 1 0 0 
249 15 [ ] 4 30 0 0 0 0 0 0 0 0 5 2 2 1 2 1 0 0 
250 15 [ ] 1 20 2 2 0 0 2 1 1 1 0 0 0 0 0 0 0 0 
251 15 [ ] 3 20 3 3 0 0 1 1 0 0 0 0 0 0 0 0 0 0 
252 120 [ ] 3 40 5 5 4 0 1 1 0 0 0 0 0 0 0 0 0 0 
253 15 [ ] 4 40 0 0 0 0 1 1 0 0 3 3 0 0 0 0 0 0 
254 60 [ ] 3 20 0 0 0 0 5 0 0 0 0 0 0 0 1 0 0 0 
255 15 [ ] 2 40 0 0 0 0 3 2 2 0 0 0 0 0 0 0 0 0 
256 15 [ ] 3 20 5 4 2 1 1 1 0 0 5 3 0 0 1 0 0 0 
257 15 [ ] 2 20 0 0 0 0 2 2 2 2 2 2 2 0 0 0 0 0 
258 15 [ ] 4 20 5 3 3 3 4 3 0 0 4 0 0 0 2 2 1 0 
259 15 [ ] 3 40 0 0 0 0 0 0 0 0 2 0 0 0 2 2 2 2 
260 60 [ ] 1 10 1 1 1 0 3 2 0 0 1 0 0 0 0 0 0 0 
261 15 [ ] 2 40 0 0 0 0 0 0 0 0 2 2 1 0 0 0 0 0 
262 15 [ ] 4 20 1 1 1 0 0 0 0 0 0 0 0 0 1 1 0 0 
263 15 [ ] 4 40 0 0 0 0 5 2 2 1 1 1 0 0 3 3 0 0 
264 15 [ ] 3 20 5 0 0 0 0 0 0 0 0 0 0 0 0 0 0 0 
265 15 [ ] 4 40 5 3 2 0 5 0 0 0 1 1 0 0 0 0 0 0 
266 15 [ ] 4 40 1 1 0 0 0 0 0 0 0 0 0 0 0 0 0 0 
267 15 [ ] 1 20 0 0 0 0 5 0 0 0 0 0 0 0 0 0 0 0 
268 15 [ ] 3 20 5 3 1 0 3 3 1 0 0 0 0 0 5 2 0 0 
269 60 [ ] 4 40 1 1 1 0 1 1 0 0 5 3 0 0 4 4 4 3 
270 15 [ ] 3 40 2 2 1 1 4 0 0 0 1 1 0 0 1 1 1 0 
271 15 [ ] 1 40 5 5 4 3 5 4 4 0 0 0 0 0 5 4 1 0 
272 15 [ ] 2 30 1 0 0 0 3 2 2 2 2 0 0 0 5 3 2 2 
273 15 [ ] 1 20 1 1 1 0 0 0 0 0 5 4 0 0 0 0 0 0 
274 15 [ ] 4 20 5 0 0 0 0 0 0 0 1 1 0 0 5 0 0 0 
275 120 [ ] 2 40 0 0 0 0 0 0 0 0 1 1 0 0 0 0 0 0 
276 15 [ ] 3 20 1 1 0 0 5 0 0 0 1 0 0 0 5 5 3 1 
277 15 [ ] 3 20 1 1 1 1 0 0 0 0 4 0 0 0 0 0 0 0 
278 15 [ ] 1 20 0 0 0 0 4 0 0 0 0 0 0 0 2 0 0 0 
279 60 [ 278 ] 2 40 0 0 0 0 3 1 1 1 1 1 0 0 0 0 0 0 
280 15 [ ] 3 20 0 0 0 0 5 5 5 2 0 0 0 0 0 0 0 0 
281 15 [ ] 1 60 3 2 2 0 0 0 0 0 0 0 0 0 1 1 1 0 
282 60 [ ] 4 20 0 0 0 0 0 0 0 0 1 0 0 0 0 0 0 0 
283 15 [ ] 4 20 2 2 2 2 1 1 1 0 3 2 2 1 0 0 0 0 
284 15 [ 283 ] 4 20 5 3 1 1 0 0 0 0 0 0 0 0 0 0 0 0 
285 15 [ ] 2 60 1 1 1 1 0 0 0 0 3 1 0 0 0 0 0 0 
286 15 [ 285 ] 2 20 1 1 0 0 4 0 0 0 0 0 0 0 4 3 2 0 
287 120 [ ] 4 20 0 0 0 0 0 0 0 0 0 0 0 0 3 1 0 0 
288 120 [ 287 ] 4 20 0 0 0 0 0 0 0 0 0 0 0 0 3 1 0 0 
289 15 [ 288 ] 4 20 4 3 0 0 2 0 0 0 1 0 0 0 1 1 1 0 
290 60 [ ] 1 40 3 3 0 0 0 0 0 0 4 0 0 0 0 0 0 0 
291 60 [ ] 3 20 1 1 1 1 4 0 0 0 0 0 0 0 1 1 1 1 
292 15 [ ] 1 20 0 0 0 0 0 0 0 0 1 1 1 0 0 0 0 0 
293 15 [ ] 3 40 0 0 0 0 0 0 0 0 1 0 0 0 0 0 0 0 
294 60 [ 293 ] 3 20 0 0 0 0 0 0 0 0 5 0 0 0 0 0 0 0 
295 60 [ ] 1 40 0 0 0 0 0 0 0 0 0 0 0 0 5 2 0 0 
296 15 [ ] 1 40 5 3 2 2 5 1 1 0 1 0 0 0 1 1 1 0 
297 15 [ ] 2 40 5 0 0 0 0 0 0 0 0 0 0 0 0 0 0 0 
298 60 [ ] 1 40 5 4 0 0 5 2 2 0 0 0 0 0 4 3 0 0 
299 15 [ 298 ] 4 40 1 1 1 1 3 3 0 0 0 0 0 0 0 0 0 0 
300 15 [ ] 1 40 5 0 0 0 1 1 0 0 1 1 1 0 5 0 0 0 
301 15 [ ] 1 20 0 0 0 0 2 2 2 1 0 0 0 0 0 0 0 0 
302 15 [ ] 2 10 5 0 0 0 5 5 0 0 1 0 0 0 0 0 0 0 
303 15 [ ] 1 20 2 2 1 0 0 0 0 0 0 0 0 0 0 0 0 0 
304 15 [ ] 4 40 4 3 3 0 0 0 0 0 5 0 0 0 1 1 0 0 
305 15 [ 304 ] 4 20 0 0 0 0 5 0 0 0 5 5 3 2 0 0 0 0 
306 60 [ 305 ] 4 20 1 1 0 0 2 2 0 0 1 1 0 0 1 1 1 0 
307 15 [ ] 2 20 0 0 0 0 0 0 0 0 4 0 0 0 0 0 0 0 
308 60 [ ] 3 20 1 1 1 0 0 0 0 0 1 1 1 0 0 0 0 0 
309 120 [ ] 4 20 1 0 0 0 0 0 0 0 5 0 0 0 0 0 0 0 
310 120 [ 309 ] 4 20 1 0 0 0 0 0 0 0 5 0 0 0 0 0 0 0 
311 15 [ ] 2 20 0 0 0 0 5 0 0 0 0 0 0 0 1 1 1 1 
312 60 [ ] 2 40 0 0 0 0 0 0 0 0 0 0 0 0 5 5 0 0 
313 60 [ ] 1 20 0 0 0 0 5 4 0 0 0 0 0 0 0 0 0 0 
314 15 [ ] 4 40 1 0 0 0 3 3 2 1 3 2 0 0 5 2 0 0 
315 120 [ ] 2 20 1 1 0 0 0 0 0 0 0 0 0 0 0 0 0 0 
316 120 [ 315 ] 2 20 1 1 0 0 0 0 0 0 0 0 0 0 0 0 0 0 
317 60 [ ] 2 20 3 1 0 0 0 0 0 0 0 0 0 0 5 2 0 0 
318 120 [ ] 4 40 0 0 0 0 2 2 1 1 0 0 0 0 0 0 0 0 
319 15 [ 318 ] 4 40 5 0 0 0 0 0 0 0 1 1 1 1 1 1 0 0 
320 15 [ ] 4 30 0 0 0 0 5 3 2 1 0 0 0 0 5 3 0 0 
321 60 [ ] 1 40 0 0 0 0 0 0 0 0 0 0 0 0 1 1 1 0 
322 15 [ ] 1 40 1 1 1 0 0 0 0 0 1 0 0 0 5 0 0 0 
323 15 [ ] 1 40 0 0 0 0 2 1 0 0 0 0 0 0 0 0 0 0 
324 120 [ 323 ] 4 40 5 4 0 0 1 0 0 0 5 4 4 3 5 0 0 0 
325 15 [ ] 4 20 0 0 0 0 0 0 0 0 0 0 0 0 1 1 1 0 
326 15 [ ] 3 40 0 0 0 0 4 3 0 0 0 0 0 0 5 2 0 0 
327 15 [ ] 4 20 0 0 0 0 5 0 0 0 0 0 0 0 5 0 0 0 
328 15 [ ] 3 20 1 1 0 0 2 2 2 2 0 0 0 0 0 0 0 0 
329 15 [ ] 1 40 3 2 0 0 0 0 0 0 0 0 0 0 0 0 0 0 
330 15 [ ] 3 20 2 0 0 0 5 3 0 0 4 3 0 0 1 0 0 0 
331 15 [ ] 2 40 4 0 0 0 2 2 1 0 0 0 0 0 0 0 0 0 
332 15 [ ] 2 40 4 0 0 0 1 0 0 0 1 1 1 0 1 0 0 0 
333 15 [ ] 1 40 0 0 0 0 0 0 0 0 5 3 3 0 0 0 0 0 
334 60 [ ] 3 20 0 0 0 0 0 0 0 0 2 1 1 0 0 0 0 0 
335 60 [ 334 ] 3 10 5 3 2 1 0 0 0 0 1 1 1 1 4 2 0 0 
336 60 [ ] 3 40 2 0 0 0 1 1 1 1 5 2 0 0 5 0 0 0 
337 15 [ ] 4 30 1 1 1 1 0 0 0 0 0 0 0 0 1 1 0 0 
338 60 [ ] 4 40 1 1 1 0 0 0 0 0 5 5 3 0 1 0 0 0 
339 15 [ ] 3 40 5 0 0 0 1 0 0 0 5 0 0 0 5 3 0 0 
340 60 [ ] 1 10 5 0 0 0 0 0 0 0 0 0 0 0 0 0 0 0 
341 60 [ ] 4 10 3 3 3 2 4 0 0 0 1 0 0 0 0 0 0 0 
342 15 [ ] 3 40 0 0 0 0 0 0 0 0 0 0 0 0 5 4 3 2 
343 15 [ 342 ] 3 40 4 0 0 0 1 0 0 0 5 4 2 2 1 1 1 0 
344 15 [ ] 4 60 1 1 1 0 0 0 0 0 4 2 0 0 5 0 0 0 
345 15 [ ] 4 20 3 3 0 0 5 2 0 0 3 3 0 0 3 1 0 0 
346 15 [ ] 3 20 0 0 0 0 5 3 0 0 5 0 0 0 0 0 0 0 
347 15 [ 346 ] 3 20 0 0 0 0 0 0 0 0 4 3 2 1 0 0 0 0 
348 15 [ ] 3 40 1 1 1 0 0 0 0 0 0 0 0 0 0 0 0 0 
349 60 [ ] 4 20 4 3 2 0 1 0 0 0 4 0 0 0 0 0 0 0 
350 15 [ ] 1 40 4 0 0 0 1 0 0 0 1 1 1 0 0 0 0 0 
351 15 [ ] 1 20 5 3 2 1 1 0 0 0 5 4 2 0 5 4 4 4 
352 60 [ ] 2 20 0 0 0 0 2 2 2 0 0 0 0 0 0 0 0 0 
353 15 [ ] 2 40 0 0 0 0 1 0 0 0 0 0 0 0 0 0 0 0 
354 15 [ 353 ] 4 20 5 2 0 0 0 0 0 0 5 3 2 0 3 2 1 1 
355 15 [ ] 3 40 5 3 0 0 2 0 0 0 5 2 1 0 1 1 1 0 
356 15 [ ] 1 20 1 0 0 0 1 1 0 0 0 0 0 0 0 0 0 0 
357 15 [ ] 1 40 1 1 0 0 5 5 3 0 1 1 0 0 0 0 0 0 
358 15 [ ] 1 10 5 3 2 0 0 0 0 0 0 0 0 0 0 0 0 0 
359 60 [ ] 1 40 0 0 0 0 0 0 0 0 4 2 0 0 0 0 0 0 
360 60 [ ] 1 20 5 3 3 2 1 1 1 1 0 0 0 0 0 0 0 0 
361 15 [ 360 ] 3 20 0 0 0 0 0 0 0 0 2 1 0 0 5 4 1 0 
362 15 [ ] 2 20 1 1 0 0 0 0 0 0 0 0 0 0 1 0 0 0 
363 60 [ ] 1 20 0 0 0 0 4 0 0 0 0 0 0 0 0 0 0 0 
364 15 [ ] 2 60 1 1 1 0 4 2 2 0 0 0 0 0 0 0 0 0 
365 15 [ ] 1 40 1 1 1 1 0 0 0 0 0 0 0 0 0 0 0 0 
366 15 [ ] 1 20 5 0 0 0 0 0 0 0 3 1 1 1 3 3 0 0 
367 15 [ 366 ] 3 40 0 0 0 0 0 0 0 0 0 0 0 0 1 1 1 1 
368 60 [ 367 ] 3 20 0 0 0 0 5 4 2 2 0 0 0 0 2 1 0 0 
369 60 [ ] 3 40 2 0 0 0 1 1 0 0 5 2 0 0 1 1 1 1 
370 120 [ ] 1 30 1 1 1 1 5 0 0 0 5 4 3 3 1 0 0 0 
371 15 [ ] 4 40 0 0 0 0 0 0 0 0 5 0 0 0 0 0 0 0 
372 15 [ ] 1 20 0 0 0 0 4 3 2 0 0 0 0 0 2 1 0 0 
373 15 [ 372 ] 2 30 2 1 1 0 5 3 0 0 3 2 0 0 0 0 0 0 
374 60 [ ] 4 40 0 0 0 0 1 1 1 1 0 0 0 0 5 3 2 0 
375 60 [ ] 3 40 1 1 0 0 0 0 0 0 0 0 0 0 2 1 0 0 
376 60 [ ] 4 20 0 0 0 0 3 0 0 0 0 0 0 0 0 0 0 0 
377 15 [ ] 1 20 5 5 4 2 5 4 4 3 5 0 0 0 1 1 1 0 
378 15 [ ] 2 10 0 0 0 0 0 0 0 0 0 0 0 0 1 1 0 0 
379 60 [ ] 1 20 0 0 0 0 0 0 0 0 1 0 0 0 5 4 1 0 
380 120 [ ] 2 10 1 0 0 0 0 0 0 0 0 0 0 0 1 0 0 0 
381 120 [ 380 ] 2 10 1 0 0 0 0 0 0 0 0 0 0 0 1 0 0 0 
382 15 [ ] 1 20 0 0 0 0 4 3 3 3 5 5 4 0 0 0 0 0 
383 15 [ ] 4 10 0 0 0 0 0 0 0 0 0 0 0 0 1 1 1 1 
384 15 [ ] 3 20 5 0 0 0 0 0 0 0 5 0 0 0 0 0 0 0 
385 15 [ ] 4 10 5 4 0 0 2 1 1 0 5 4 1 0 0 0 0 0 
386 15 [ ] 1 20 1 1 1 1 0 0 0 0 0 0 0 0 0 0 0 0 
387 15 [ ] 1 20 5 3 0 0 1 1 1 0 5 3 0 0 5 2 0 0 
388 15 [ ] 1 40 1 1 1 0 0 0 0 0 0 0 0 0 1 1 1 0 
389 60 [ ] 4 40 0 0 0 0 0 0 0 0 1 1 0 0 3 2 2 0 
390 60 [ ] 4 40 1 0 0 0 0 0 0 0 3 2 1 1 4 0 0 0 
391 60 [ ] 1 40 1 1 1 0 0 0 0 0 0 0 0 0 0 0 0 0 
392 15 [ ] 1 20 0 0 0 0 1 1 1 0 1 1 0 0 4 2 1 1 
393 60 [ ] 2 40 0 0 0 0 1 1 1 0 5 3 2 0 0 0 0 0 
394 15 [ ] 1 20 1 1 1 0 0 0 0 0 5 3 0 0 1 1 0 0 
395 15 [ ] 3 60 1 1 1 1 1 1 1 1 5 5 3 0 2 1 0 0 
396 15 [ ] 4 20 0 0 0 0 0 0 0 0 1 1 1 0 0 0 0 0 
397 15 [ ] 3 40 0 0 0 0 0 0 0 0 2 1 1 1 5 3 0 0 
398 60 [ ] 4 40 1 0 0 0 2 2 1 0 1 1 0 0 5 4 4 0 
399 60 [ ] 1 40 3 2 0 0 1 1 1 1 0 0 0 0 0 0 0 0 
400 15 [ ] 2 40 0 0 0 0 5 4 0 0 0 0 0 0 0 0 0 0 
