tech d1 d2 d3 d4 dispo
1 4 3 1 0 [ 14 ]
2 4 4 1 4 [ 13 ]
3 4 3 3 3 [ ]
4 2 1 4 3 [ 32 ]
5 4 2 0 2 [ 52 57 ]
6 2 2 4 1 [ 19 ]
7 2 4 4 1 [ 8 27 ]
8 4 0 2 4 [ 37 51 55 ]
9 4 2 1 0 [ 24 34 ]
10 3 2 0 1 [ 18 38 ]
11 2 3 3 2 [ ]
12 3 2 3 1 [ 11 26 ]
13 3 1 2 0 [ 1 9 23 ]
14 0 1 0 2 [ 18 ]
15 0 0 1 4 [ 15 56 ]
16 3 0 4 0 [ ]
17 1 3 4 0 [ 36 ]
18 4 4 2 3 [ 52 ]
19 4 4 1 0 [ ]
20 0 3 4 2 [ 25 50 ]
21 3 3 3 2 [ 17 ]
22 1 3 0 1 [ ]
23 3 2 2 1 [ ]
24 0 0 2 4 [ 16 ]
25 2 0 4 3 [ ]
26 4 4 1 4 [ ]
27 0 4 2 1 [ 33 59 ]
28 1 4 3 2 [ 31 ]
29 3 3 1 1 [ ]
30 2 0 1 0 [ 11 46 ]
31 1 3 3 4 [ ]
32 2 3 1 2 [ 28 ]
33 2 2 3 4 [ 21 ]
34 0 4 4 1 [ ]
35 2 2 1 1 [ ]
36 3 0 4 3 [ 21 ]
37 1 0 2 0 [ 29 ]
38 0 4 1 3 [ 9 25 ]
39 4 2 3 1 [ ]
40 1 4 1 0 [ 24 32 ]
