number time preds prio cost d1_1 d1_2 d1_3 d1_4 d2_1 d2_2 d2_3 d2_4 d3_1 d3_2 d3_3 d3_4 d4_1 d4_2 d4_3 d4_4  
1 120 [ ] 4 20 0 0 0 0 0 0 0 0 1 0 0 0 1 0 0 0 
2 120 [ ] 2 40 0 0 0 0 0 0 0 0 4 3 0 0 0 0 0 0 
3 60 [ ] 4 40 4 0 0 0 2 0 0 0 1 0 0 0 1 1 1 0 
4 120 [ ] 3 20 5 4 0 0 4 3 2 1 3 0 0 0 1 1 1 0 
5 60 [ ] 2 20 1 0 0 0 1 1 1 0 5 2 2 0 1 1 0 0 
6 15 [ ] 4 40 0 0 0 0 3 2 0 0 0 0 0 0 5 3 2 0 
7 120 [ ] 3 30 0 0 0 0 0 0 0 0 0 0 0 0 5 3 3 0 
8 60 [ ] 2 40 0 0 0 0 5 3 3 0 2 2 1 0 1 1 0 0 
9 60 [ ] 1 60 0 0 0 0 0 0 0 0 5 3 3 0 0 0 0 0 
10 15 [ 9 ] 2 20 4 4 0 0 0 0 0 0 0 0 0 0 0 0 0 0 
11 15 [ ] 1 40 2 2 2 1 1 1 1 0 0 0 0 0 1 1 0 0 
12 15 [ ] 2 10 0 0 0 0 0 0 0 0 1 1 0 0 0 0 0 0 
13 15 [ ] 2 20 0 0 0 0 1 1 0 0 1 1 1 0 4 3 3 0 
14 120 [ 13 ] 3 40 1 0 0 0 0 0 0 0 0 0 0 0 0 0 0 0 
15 120 [ 14 ] 3 40 1 0 0 0 0 0 0 0 0 0 0 0 0 0 0 0 
16 15 [ ] 4 40 0 0 0 0 1 1 1 1 0 0 0 0 0 0 0 0 
17 60 [ ] 1 40 0 0 0 0 2 2 2 0 1 0 0 0 4 4 4 0 
18 120 [ ] 1 20 0 0 0 0 5 3 2 0 1 0 0 0 5 4 3 2 
19 120 [ ] 4 40 5 5 3 1 1 1 1 1 1 1 0 0 1 1 1 0 
20 15 [ ] 1 40 0 0 0 0 0 0 0 0 1 1 1 0 4 3 2 0 
21 15 [ ] 2 30 1 0 0 0 1 1 0 0 2 1 0 0 5 0 0 0 
22 60 [ ] 2 20 5 0 0 0 0 0 0 0 5 2 1 1 1 1 1 0 
23 120 [ ] 1 40 0 0 0 0 0 0 0 0 1 1 0 0 0 0 0 0 
24 120 [ ] 3 40 3 3 2 0 0 0 0 0 1 0 0 0 0 0 0 0 
25 120 [ 24 ] 3 40 3 3 2 0 0 0 0 0 1 0 0 0 0 0 0 0 
26 15 [ ] 3 20 5 3 2 2 0 0 0 0 1 1 1 1 0 0 0 0 
27 15 [ ] 1 40 1 1 0 0 0 0 0 0 4 4 0 0 0 0 0 0 
28 120 [ ] 2 20 5 4 3 2 1 1 0 0 0 0 0 0 0 0 0 0 
29 120 [ 28 ] 2 40 0 0 0 0 0 0 0 0 0 0 0 0 5 0 0 0 
30 15 [ ] 1 40 2 0 0 0 1 1 0 0 1 1 0 0 5 3 0 0 
31 60 [ ] 1 20 1 1 0 0 3 3 3 2 5 0 0 0 5 3 3 2 
32 120 [ ] 1 40 5 3 0 0 0 0 0 0 5 3 0 0 5 3 0 0 
33 15 [ 32 ] 4 30 0 0 0 0 0 0 0 0 0 0 0 0 1 1 1 0 
34 120 [ ] 3 20 1 1 0 0 0 0 0 0 1 1 1 0 0 0 0 0 
35 120 [ 34 ] 3 20 1 1 0 0 0 0 0 0 1 1 1 0 0 0 0 0 
36 60 [ ] 4 60 0 0 0 0 0 0 0 0 0 0 0 0 5 5 4 2 
37 60 [ ] 2 20 0 0 0 0 0 0 0 0 5 3 0 0 5 0 0 0 
38 120 [ ] 1 20 4 0 0 0 4 4 0 0 1 1 1 1 1 1 0 0 
39 15 [ ] 2 20 4 4 2 2 1 1 0 0 1 0 0 0 0 0 0 0 
40 120 [ ] 4 40 1 1 1 0 1 0 0 0 5 0 0 0 5 5 4 0 
41 120 [ 40 ] 4 40 1 1 1 0 1 0 0 0 5 0 0 0 5 5 4 0 
42 15 [ ] 4 20 0 0 0 0 1 0 0 0 0 0 0 0 0 0 0 0 
43 120 [ ] 2 20 0 0 0 0 5 2 0 0 0 0 0 0 4 4 2 0 
44 60 [ 43 ] 3 40 0 0 0 0 1 1 0 0 5 0 0 0 5 1 0 0 
45 120 [ ] 1 30 1 1 0 0 5 1 0 0 0 0 0 0 0 0 0 0 
46 120 [ 45 ] 1 30 1 1 0 0 5 1 0 0 0 0 0 0 0 0 0 0 
47 15 [ ] 1 40 0 0 0 0 0 0 0 0 5 1 0 0 0 0 0 0 
48 60 [ ] 3 20 1 1 1 1 1 1 0 0 1 1 1 0 1 0 0 0 
49 120 [ ] 3 20 1 1 0 0 0 0 0 0 0 0 0 0 4 3 1 0 
50 120 [ 49 ] 3 20 1 1 0 0 0 0 0 0 0 0 0 0 4 3 1 0 
51 120 [ ] 4 20 3 0 0 0 5 3 3 1 1 0 0 0 1 1 0 0 
52 120 [ 51 ] 4 20 3 0 0 0 5 3 3 1 1 0 0 0 1 1 0 0 
53 15 [ ] 3 20 0 0 0 0 5 0 0 0 0 0 0 0 3 0 0 0 
54 15 [ ] 1 20 5 3 2 1 5 3 0 0 1 1 1 0 1 1 0 0 
55 15 [ 54 ] 3 10 5 3 3 0 5 0 0 0 0 0 0 0 0 0 0 0 
56 60 [ ] 1 20 0 0 0 0 4 3 2 0 0 0 0 0 0 0 0 0 
57 120 [ ] 2 20 0 0 0 0 0 0 0 0 0 0 0 0 4 0 0 0 
58 120 [ ] 3 20 5 3 2 0 1 1 0 0 0 0 0 0 0 0 0 0 
59 120 [ ] 1 40 1 0 0 0 5 4 0 0 1 0 0 0 3 2 0 0 
60 120 [ 59 ] 1 40 1 0 0 0 5 4 0 0 1 0 0 0 3 2 0 0 
61 60 [ ] 1 20 1 1 1 0 4 1 0 0 1 1 1 0 1 1 1 1 
62 120 [ ] 4 30 1 1 0 0 5 4 0 0 0 0 0 0 1 1 1 0 
63 15 [ ] 1 20 0 0 0 0 1 1 0 0 0 0 0 0 0 0 0 0 
64 15 [ ] 3 20 0 0 0 0 1 0 0 0 0 0 0 0 0 0 0 0 
65 120 [ ] 1 20 4 3 3 2 0 0 0 0 5 0 0 0 0 0 0 0 
66 15 [ ] 2 20 2 2 1 0 5 2 2 0 2 1 1 0 5 4 3 2 
67 120 [ ] 4 40 0 0 0 0 4 0 0 0 0 0 0 0 1 0 0 0 
68 120 [ ] 1 10 1 0 0 0 1 0 0 0 1 1 1 1 0 0 0 0 
69 60 [ ] 1 40 1 0 0 0 2 1 1 0 5 3 2 1 5 1 1 0 
70 120 [ ] 4 60 0 0 0 0 5 0 0 0 0 0 0 0 0 0 0 0 
71 120 [ 70 ] 4 60 0 0 0 0 5 0 0 0 0 0 0 0 0 0 0 0 
72 120 [ 71 ] 4 20 5 4 4 3 0 0 0 0 0 0 0 0 0 0 0 0 
73 120 [ 72 ] 4 20 5 4 4 3 0 0 0 0 0 0 0 0 0 0 0 0 
74 60 [ ] 3 40 1 1 1 0 1 0 0 0 5 4 0 0 5 5 3 0 
75 60 [ ] 3 20 0 0 0 0 0 0 0 0 4 2 0 0 5 0 0 0 
76 120 [ 75 ] 3 40 1 1 1 1 0 0 0 0 0 0 0 0 5 2 0 0 
77 120 [ ] 3 60 0 0 0 0 5 0 0 0 3 2 0 0 0 0 0 0 
78 120 [ 77 ] 4 20 0 0 0 0 1 1 1 1 1 0 0 0 0 0 0 0 
79 60 [ ] 1 40 0 0 0 0 0 0 0 0 0 0 0 0 2 0 0 0 
80 120 [ ] 4 20 0 0 0 0 0 0 0 0 0 0 0 0 4 2 0 0 
81 60 [ 80 ] 4 30 1 1 1 1 0 0 0 0 1 1 0 0 0 0 0 0 
82 120 [ ] 4 40 0 0 0 0 4 4 2 0 0 0 0 0 3 3 0 0 
83 15 [ ] 2 40 0 0 0 0 2 2 2 0 0 0 0 0 0 0 0 0 
84 60 [ ] 4 20 0 0 0 0 1 1 0 0 0 0 0 0 0 0 0 0 
85 60 [ ] 3 20 1 0 0 0 0 0 0 0 0 0 0 0 0 0 0 0 
86 15 [ ] 3 40 0 0 0 0 5 4 3 3 1 1 1 1 5 3 3 0 
87 15 [ ] 3 20 0 0 0 0 0 0 0 0 1 0 0 0 4 3 3 2 
88 60 [ ] 2 40 5 4 2 0 0 0 0 0 1 0 0 0 1 1 1 0 
89 15 [ ] 3 20 0 0 0 0 0 0 0 0 1 0 0 0 0 0 0 0 
90 60 [ ] 4 40 2 2 2 1 1 1 1 1 3 2 2 2 1 1 1 1 
91 60 [ ] 4 40 5 3 0 0 3 2 2 1 3 0 0 0 4 0 0 0 
92 60 [ ] 3 40 5 3 3 0 5 4 3 3 1 1 1 1 4 1 0 0 
93 120 [ ] 3 20 1 1 1 0 0 0 0 0 4 3 0 0 0 0 0 0 
94 120 [ 93 ] 3 20 1 1 1 0 0 0 0 0 4 3 0 0 0 0 0 0 
95 15 [ ] 1 40 0 0 0 0 1 1 1 0 0 0 0 0 4 0 0 0 
96 15 [ ] 1 20 0 0 0 0 0 0 0 0 1 0 0 0 1 1 1 0 
97 15 [ ] 4 40 2 2 2 0 3 2 2 1 0 0 0 0 2 2 2 1 
98 120 [ ] 1 10 1 0 0 0 4 0 0 0 5 3 1 1 1 0 0 0 
99 120 [ 98 ] 1 10 1 0 0 0 4 0 0 0 5 3 1 1 1 0 0 0 
100 15 [ ] 4 40 0 0 0 0 0 0 0 0 0 0 0 0 4 0 0 0 
101 15 [ ] 1 40 0 0 0 0 0 0 0 0 5 3 0 0 0 0 0 0 
102 120 [ ] 2 20 4 0 0 0 5 1 0 0 1 0 0 0 1 1 0 0 
103 60 [ 102 ] 2 40 5 4 2 0 4 4 2 0 5 2 2 0 5 4 4 0 
104 15 [ ] 1 40 4 0 0 0 5 3 2 0 1 1 0 0 0 0 0 0 
105 120 [ ] 1 20 5 4 3 2 5 0 0 0 5 3 0 0 0 0 0 0 
106 15 [ ] 1 40 0 0 0 0 0 0 0 0 2 2 0 0 0 0 0 0 
107 60 [ ] 3 40 0 0 0 0 1 1 1 0 0 0 0 0 0 0 0 0 
108 15 [ ] 3 60 4 3 0 0 0 0 0 0 4 3 3 0 1 1 1 1 
109 60 [ ] 2 20 1 0 0 0 0 0 0 0 0 0 0 0 0 0 0 0 
110 60 [ ] 4 20 0 0 0 0 0 0 0 0 2 0 0 0 4 3 0 0 
111 120 [ ] 1 40 0 0 0 0 0 0 0 0 3 3 2 0 0 0 0 0 
112 120 [ 111 ] 1 40 0 0 0 0 0 0 0 0 3 3 2 0 0 0 0 0 
113 120 [ ] 4 20 1 1 1 1 0 0 0 0 0 0 0 0 0 0 0 0 
114 15 [ ] 2 40 1 1 1 0 4 2 2 0 4 3 3 0 1 0 0 0 
115 60 [ ] 3 40 0 0 0 0 4 3 0 0 1 1 0 0 0 0 0 0 
116 15 [ ] 1 20 0 0 0 0 0 0 0 0 1 1 0 0 0 0 0 0 
117 120 [ ] 3 40 1 0 0 0 1 1 1 1 5 3 1 0 5 2 0 0 
118 120 [ ] 2 20 0 0 0 0 5 0 0 0 0 0 0 0 0 0 0 0 
119 120 [ 118 ] 2 20 5 2 1 0 0 0 0 0 5 3 0 0 0 0 0 0 
120 120 [ ] 4 40 5 3 1 0 0 0 0 0 4 1 1 0 0 0 0 0 
121 120 [ ] 3 40 0 0 0 0 0 0 0 0 5 0 0 0 0 0 0 0 
122 120 [ 121 ] 3 40 0 0 0 0 0 0 0 0 5 0 0 0 0 0 0 0 
123 60 [ 122 ] 3 40 0 0 0 0 3 3 3 2 0 0 0 0 1 1 1 0 
124 60 [ ] 3 40 1 1 0 0 1 0 0 0 5 3 2 2 4 2 0 0 
125 60 [ ] 3 40 0 0 0 0 0 0 0 0 1 1 1 0 0 0 0 0 
126 60 [ ] 2 20 0 0 0 0 0 0 0 0 0 0 0 0 2 0 0 0 
127 15 [ ] 4 40 0 0 0 0 1 0 0 0 0 0 0 0 5 2 0 0 
128 15 [ ] 4 40 0 0 0 0 0 0 0 0 1 1 1 1 0 0 0 0 
129 120 [ ] 3 20 0 0 0 0 1 0 0 0 1 0 0 0 0 0 0 0 
130 15 [ ] 4 20 0 0 0 0 2 2 2 1 5 3 0 0 0 0 0 0 
131 15 [ ] 2 30 2 2 2 1 5 0 0 0 5 3 1 1 5 3 1 1 
132 120 [ ] 3 40 0 0 0 0 5 4 0 0 0 0 0 0 0 0 0 0 
133 60 [ ] 2 40 1 0 0 0 0 0 0 0 4 0 0 0 0 0 0 0 
134 15 [ ] 1 10 0 0 0 0 1 1 0 0 0 0 0 0 0 0 0 0 
135 60 [ ] 4 20 0 0 0 0 1 0 0 0 2 2 2 0 0 0 0 0 
136 120 [ ] 1 60 0 0 0 0 3 3 2 0 0 0 0 0 4 3 0 0 
137 120 [ 136 ] 1 60 0 0 0 0 3 3 2 0 0 0 0 0 4 3 0 0 
138 120 [ ] 2 20 0 0 0 0 0 0 0 0 5 4 0 0 1 0 0 0 
139 120 [ 138 ] 2 40 1 0 0 0 0 0 0 0 3 3 0 0 4 3 0 0 
140 120 [ 139 ] 4 20 0 0 0 0 0 0 0 0 0 0 0 0 1 1 0 0 
141 120 [ 140 ] 4 20 0 0 0 0 0 0 0 0 0 0 0 0 1 1 0 0 
142 120 [ ] 4 20 0 0 0 0 0 0 0 0 0 0 0 0 1 1 1 1 
143 15 [ ] 3 40 0 0 0 0 0 0 0 0 0 0 0 0 5 0 0 0 
144 120 [ ] 2 40 0 0 0 0 0 0 0 0 3 0 0 0 0 0 0 0 
145 120 [ 144 ] 2 40 0 0 0 0 0 0 0 0 3 0 0 0 0 0 0 0 
146 120 [ ] 1 40 0 0 0 0 0 0 0 0 0 0 0 0 3 1 1 0 
147 60 [ ] 2 20 1 1 1 1 0 0 0 0 5 2 0 0 0 0 0 0 
148 60 [ ] 4 20 0 0 0 0 5 0 0 0 0 0 0 0 0 0 0 0 
149 120 [ 148 ] 4 40 1 1 1 1 5 4 3 0 0 0 0 0 0 0 0 0 
150 120 [ 149 ] 4 40 1 1 1 1 5 4 3 0 0 0 0 0 0 0 0 0 
151 15 [ ] 3 40 5 4 3 1 0 0 0 0 0 0 0 0 1 1 1 0 
152 15 [ ] 3 40 5 3 3 2 2 2 2 0 1 0 0 0 4 0 0 0 
153 120 [ ] 3 40 2 1 1 0 1 1 0 0 0 0 0 0 0 0 0 0 
154 120 [ ] 1 20 0 0 0 0 0 0 0 0 0 0 0 0 1 1 1 1 
155 15 [ 154 ] 2 10 0 0 0 0 0 0 0 0 0 0 0 0 4 0 0 0 
156 120 [ ] 4 40 1 1 1 0 0 0 0 0 0 0 0 0 0 0 0 0 
157 15 [ ] 1 20 0 0 0 0 0 0 0 0 0 0 0 0 4 3 0 0 
158 15 [ ] 1 20 5 4 3 0 0 0 0 0 0 0 0 0 0 0 0 0 
159 15 [ 158 ] 4 40 0 0 0 0 0 0 0 0 5 4 3 2 0 0 0 0 
160 15 [ ] 2 20 1 1 0 0 5 3 0 0 0 0 0 0 0 0 0 0 
161 60 [ ] 1 20 0 0 0 0 1 1 0 0 0 0 0 0 0 0 0 0 
162 60 [ ] 2 40 0 0 0 0 0 0 0 0 5 4 2 0 1 1 1 1 
163 120 [ ] 3 40 1 1 1 1 1 1 0 0 0 0 0 0 0 0 0 0 
164 120 [ 163 ] 3 40 1 1 1 1 1 1 0 0 0 0 0 0 0 0 0 0 
165 15 [ ] 1 20 3 3 2 0 1 0 0 0 0 0 0 0 0 0 0 0 
166 120 [ ] 2 40 2 0 0 0 1 1 1 0 0 0 0 0 0 0 0 0 
167 15 [ ] 2 60 0 0 0 0 5 5 0 0 5 5 4 0 1 1 1 0 
168 60 [ ] 3 20 1 1 1 0 1 1 0 0 1 0 0 0 0 0 0 0 
169 15 [ ] 3 40 4 2 0 0 4 4 3 0 0 0 0 0 0 0 0 0 
170 15 [ ] 1 40 3 3 2 0 5 3 2 1 2 0 0 0 1 1 0 0 
171 15 [ 170 ] 2 30 0 0 0 0 1 1 1 1 0 0 0 0 5 2 2 0 
172 120 [ 171 ] 2 60 4 3 1 0 1 1 0 0 5 4 0 0 1 1 1 0 
173 15 [ 172 ] 4 20 5 0 0 0 5 5 2 0 1 0 0 0 4 0 0 0 
174 15 [ ] 1 20 0 0 0 0 0 0 0 0 0 0 0 0 5 0 0 0 
175 15 [ ] 2 40 5 4 4 0 0 0 0 0 5 5 2 1 0 0 0 0 
176 120 [ ] 4 10 3 3 0 0 4 0 0 0 1 1 1 1 5 0 0 0 
177 120 [ 176 ] 4 10 3 3 0 0 4 0 0 0 1 1 1 1 5 0 0 0 
178 15 [ ] 2 20 2 2 0 0 1 1 1 1 0 0 0 0 4 3 2 0 
179 15 [ ] 2 40 0 0 0 0 0 0 0 0 0 0 0 0 1 1 0 0 
180 15 [ ] 2 40 1 0 0 0 0 0 0 0 0 0 0 0 5 2 0 0 
181 60 [ ] 1 20 0 0 0 0 0 0 0 0 1 0 0 0 1 1 1 0 
182 60 [ ] 3 20 1 1 1 1 1 0 0 0 0 0 0 0 0 0 0 0 
183 15 [ ] 4 60 0 0 0 0 0 0 0 0 0 0 0 0 4 3 0 0 
184 60 [ ] 1 40 0 0 0 0 0 0 0 0 3 3 2 0 0 0 0 0 
185 120 [ ] 4 20 5 0 0 0 1 0 0 0 0 0 0 0 4 4 2 2 
186 120 [ ] 1 20 0 0 0 0 5 4 3 0 1 0 0 0 0 0 0 0 
187 15 [ 186 ] 4 40 1 1 1 1 5 0 0 0 1 1 1 1 2 0 0 0 
188 120 [ ] 4 40 4 0 0 0 0 0 0 0 0 0 0 0 0 0 0 0 
189 120 [ 188 ] 4 40 4 0 0 0 0 0 0 0 0 0 0 0 0 0 0 0 
190 15 [ ] 2 20 0 0 0 0 1 0 0 0 0 0 0 0 0 0 0 0 
191 60 [ 190 ] 2 40 1 0 0 0 0 0 0 0 0 0 0 0 0 0 0 0 
192 60 [ ] 3 40 0 0 0 0 1 0 0 0 0 0 0 0 1 1 0 0 
193 120 [ ] 2 40 3 3 2 0 1 0 0 0 0 0 0 0 0 0 0 0 
194 120 [ 193 ] 2 40 3 3 2 0 1 0 0 0 0 0 0 0 0 0 0 0 
195 60 [ ] 3 20 0 0 0 0 0 0 0 0 4 3 0 0 0 0 0 0 
196 60 [ 195 ] 3 40 1 1 0 0 0 0 0 0 0 0 0 0 0 0 0 0 
197 120 [ ] 3 40 5 0 0 0 1 0 0 0 1 1 0 0 4 0 0 0 
198 120 [ 197 ] 3 40 5 0 0 0 1 0 0 0 1 1 0 0 4 0 0 0 
199 60 [ ] 1 40 5 3 2 0 5 3 2 0 4 3 2 0 1 1 1 0 
200 15 [ ] 2 20 0 0 0 0 4 0 0 0 2 1 0 0 0 0 0 0 
