number time preds prio cost d1_1 d1_2 d2_1 d2_2 d3_1 d3_2  
1 60 [ ] 2 300 0 0 0 0 1 0 
2 60 [ ] 1 400 1 0 0 0 0 0 
3 60 [ ] 1 200 0 0 0 0 1 1 
4 60 [ ] 3 200 1 0 0 0 0 0 
5 15 [ ] 1 100 3 0 4 3 1 0 
6 60 [ ] 1 100 0 0 2 0 0 0 
7 60 [ ] 1 400 1 1 0 0 0 0 
8 120 [ ] 2 200 0 0 3 2 0 0 
9 60 [ ] 1 300 0 0 1 0 0 0 
10 60 [ ] 1 400 4 0 0 0 0 0 
11 15 [ ] 1 600 1 0 0 0 0 0 
12 60 [ ] 3 200 1 0 0 0 1 0 
13 60 [ ] 1 200 1 0 0 0 0 0 
14 60 [ ] 3 100 1 0 3 0 2 1 
15 60 [ ] 1 300 2 2 0 0 0 0 
16 15 [ ] 1 200 0 0 1 1 0 0 
17 60 [ ] 3 100 1 0 0 0 0 0 
18 60 [ ] 1 200 0 0 4 0 0 0 
19 15 [ ] 1 200 0 0 4 2 0 0 
20 60 [ ] 1 300 0 0 0 0 2 2 
