number time preds prio cost d1_1 d1_2 d1_3 d1_4 d1_5 d2_1 d2_2 d2_3 d2_4 d2_5 d3_1 d3_2 d3_3 d3_4 d3_5 d4_1 d4_2 d4_3 d4_4 d4_5 d5_1 d5_2 d5_3 d5_4 d5_5 d6_1 d6_2 d6_3 d6_4 d6_5 d7_1 d7_2 d7_3 d7_4 d7_5 d8_1 d8_2 d8_3 d8_4 d8_5 d9_1 d9_2 d9_3 d9_4 d9_5 d10_1 d10_2 d10_3 d10_4 d10_5  
1 60 [ ] 1 90 0 0 0 0 0 0 0 0 0 0 0 0 0 0 0 0 0 0 0 0 0 0 0 0 0 0 0 0 0 0 0 0 0 0 0 0 0 0 0 0 1 1 1 0 0 0 0 0 0 0 
2 60 [ ] 3 90 0 0 0 0 0 0 0 0 0 0 0 0 0 0 0 0 0 0 0 0 1 1 1 0 0 1 1 1 0 0 0 0 0 0 0 0 0 0 0 0 0 0 0 0 0 0 0 0 0 0 
3 60 [ ] 2 100 1 1 1 1 0 0 0 0 0 0 1 1 1 0 0 1 1 1 0 0 0 0 0 0 0 0 0 0 0 0 1 0 0 0 0 0 0 0 0 0 0 0 0 0 0 0 0 0 0 0 
4 60 [ 2 3 ] 3 50 1 1 1 1 0 0 0 0 0 0 1 1 1 0 0 0 0 0 0 0 1 1 1 0 0 1 1 1 0 0 1 1 1 0 0 0 0 0 0 0 1 1 1 0 0 1 1 1 1 0 
5 60 [ ] 1 60 0 0 0 0 0 0 0 0 0 0 0 0 0 0 0 0 0 0 0 0 0 0 0 0 0 0 0 0 0 0 1 1 1 1 0 0 0 0 0 0 1 1 1 0 0 0 0 0 0 0 
6 60 [ ] 3 100 0 0 0 0 0 0 0 0 0 0 0 0 0 0 0 0 0 0 0 0 0 0 0 0 0 0 0 0 0 0 0 0 0 0 0 0 0 0 0 0 1 1 1 1 0 0 0 0 0 0 
7 60 [ ] 1 30 0 0 0 0 0 1 1 0 0 0 5 4 2 0 0 0 0 0 0 0 1 1 1 1 0 5 4 4 0 0 1 1 1 0 0 1 1 1 1 0 0 0 0 0 0 1 1 1 0 0 
8 120 [ ] 3 60 0 0 0 0 0 0 0 0 0 0 0 0 0 0 0 0 0 0 0 0 0 0 0 0 0 0 0 0 0 0 0 0 0 0 0 3 3 2 1 0 2 1 1 0 0 0 0 0 0 0 
9 120 [ 8 ] 3 60 0 0 0 0 0 0 0 0 0 0 0 0 0 0 0 0 0 0 0 0 0 0 0 0 0 0 0 0 0 0 0 0 0 0 0 3 3 2 1 0 2 1 1 0 0 0 0 0 0 0 
10 60 [ ] 1 50 1 1 0 0 0 0 0 0 0 0 0 0 0 0 0 0 0 0 0 0 0 0 0 0 0 1 1 0 0 0 0 0 0 0 0 0 0 0 0 0 0 0 0 0 0 0 0 0 0 0 
11 60 [ 9 10 ] 3 50 0 0 0 0 0 1 1 1 0 0 1 1 1 1 0 4 3 2 1 0 0 0 0 0 0 0 0 0 0 0 1 1 1 0 0 2 2 1 0 0 0 0 0 0 0 0 0 0 0 0 
12 30 [ ] 1 150 1 1 1 1 0 0 0 0 0 0 1 1 1 1 0 0 0 0 0 0 0 0 0 0 0 0 0 0 0 0 0 0 0 0 0 0 0 0 0 0 1 1 0 0 0 3 3 2 1 0 
13 30 [ 11 12 ] 3 100 3 3 3 2 0 0 0 0 0 0 1 1 1 0 0 1 1 1 1 0 3 3 1 1 0 0 0 0 0 0 0 0 0 0 0 0 0 0 0 0 1 1 1 1 0 1 1 1 0 0 
14 60 [ ] 3 150 0 0 0 0 0 4 2 1 0 0 1 1 0 0 0 1 1 1 1 0 1 1 1 0 0 1 1 1 1 0 1 1 1 0 0 1 1 1 1 0 1 1 0 0 0 0 0 0 0 0 
15 60 [ 14 ] 3 50 0 0 0 0 0 1 1 1 1 0 3 2 1 0 0 0 0 0 0 0 0 0 0 0 0 1 1 0 0 0 1 1 0 0 0 0 0 0 0 0 0 0 0 0 0 0 0 0 0 0 
16 60 [ 14 15 ] 4 60 0 0 0 0 0 0 0 0 0 0 1 1 1 1 0 3 2 2 0 0 1 1 1 0 0 0 0 0 0 0 0 0 0 0 0 1 1 1 0 0 1 1 1 1 0 0 0 0 0 0 
17 30 [ ] 2 50 0 0 0 0 0 0 0 0 0 0 1 1 1 0 0 0 0 0 0 0 0 0 0 0 0 0 0 0 0 0 0 0 0 0 0 3 1 0 0 0 1 1 1 1 0 1 1 1 1 0 
18 120 [ ] 1 40 0 0 0 0 0 0 0 0 0 0 0 0 0 0 0 0 0 0 0 0 0 0 0 0 0 0 0 0 0 0 3 2 2 1 0 0 0 0 0 0 0 0 0 0 0 0 0 0 0 0 
19 60 [ ] 1 60 1 0 0 0 0 1 1 1 1 0 2 1 1 1 0 1 1 1 1 0 0 0 0 0 0 1 1 0 0 0 0 0 0 0 0 1 1 1 1 0 1 1 1 0 0 0 0 0 0 0 
20 120 [ 18 19 ] 1 30 1 1 1 1 0 1 1 1 0 0 1 1 1 0 0 2 2 2 0 0 1 1 1 1 0 1 1 1 0 0 1 1 1 0 0 1 1 1 1 0 1 1 1 1 0 1 1 1 0 0 
21 120 [ 20 ] 1 30 1 1 1 1 0 1 1 1 0 0 1 1 1 0 0 2 2 2 0 0 1 1 1 1 0 1 1 1 0 0 1 1 1 0 0 1 1 1 1 0 1 1 1 1 0 1 1 1 0 0 
22 120 [ 21 ] 1 30 1 1 1 1 0 1 1 1 0 0 1 1 1 0 0 2 2 2 0 0 1 1 1 1 0 1 1 1 0 0 1 1 1 0 0 1 1 1 1 0 1 1 1 1 0 1 1 1 0 0 
23 60 [ ] 4 90 1 1 1 1 0 1 1 1 0 0 1 1 1 0 0 1 1 1 1 0 1 1 1 1 0 1 1 1 1 0 1 1 1 1 0 3 3 3 0 0 0 0 0 0 0 1 1 1 0 0 
24 60 [ ] 1 30 4 4 4 3 0 3 2 2 0 0 1 1 1 0 0 0 0 0 0 0 1 1 1 0 0 4 3 3 2 0 5 3 3 2 0 1 1 1 0 0 1 1 1 1 0 1 1 1 0 0 
25 60 [ ] 1 100 1 1 1 1 0 1 1 1 0 0 1 1 1 0 0 1 1 1 1 0 0 0 0 0 0 1 1 0 0 0 1 1 1 1 0 1 1 1 0 0 1 1 0 0 0 1 1 1 0 0 
26 30 [ 23 24 25 ] 4 90 0 0 0 0 0 0 0 0 0 0 0 0 0 0 0 0 0 0 0 0 1 1 1 1 0 0 0 0 0 0 0 0 0 0 0 1 0 0 0 0 0 0 0 0 0 0 0 0 0 0 
27 60 [ ] 1 150 1 1 1 0 0 0 0 0 0 0 0 0 0 0 0 5 3 2 1 0 0 0 0 0 0 1 1 1 1 0 0 0 0 0 0 0 0 0 0 0 0 0 0 0 0 0 0 0 0 0 
28 120 [ ] 3 100 0 0 0 0 0 0 0 0 0 0 0 0 0 0 0 0 0 0 0 0 1 1 1 1 0 0 0 0 0 0 0 0 0 0 0 0 0 0 0 0 0 0 0 0 0 0 0 0 0 0 
29 120 [ 28 ] 3 100 0 0 0 0 0 0 0 0 0 0 0 0 0 0 0 0 0 0 0 0 1 1 1 1 0 0 0 0 0 0 0 0 0 0 0 0 0 0 0 0 0 0 0 0 0 0 0 0 0 0 
30 120 [ 29 ] 3 100 0 0 0 0 0 0 0 0 0 0 0 0 0 0 0 0 0 0 0 0 1 1 1 1 0 0 0 0 0 0 0 0 0 0 0 0 0 0 0 0 0 0 0 0 0 0 0 0 0 0 
31 60 [ 30 ] 3 30 4 4 3 1 0 0 0 0 0 0 0 0 0 0 0 0 0 0 0 0 0 0 0 0 0 0 0 0 0 0 0 0 0 0 0 0 0 0 0 0 0 0 0 0 0 0 0 0 0 0 
32 120 [ ] 4 60 0 0 0 0 0 4 3 2 1 0 0 0 0 0 0 0 0 0 0 0 0 0 0 0 0 0 0 0 0 0 0 0 0 0 0 0 0 0 0 0 0 0 0 0 0 0 0 0 0 0 
33 120 [ 32 ] 4 60 0 0 0 0 0 4 3 2 1 0 0 0 0 0 0 0 0 0 0 0 0 0 0 0 0 0 0 0 0 0 0 0 0 0 0 0 0 0 0 0 0 0 0 0 0 0 0 0 0 0 
34 120 [ 33 ] 4 60 0 0 0 0 0 4 3 2 1 0 0 0 0 0 0 0 0 0 0 0 0 0 0 0 0 0 0 0 0 0 0 0 0 0 0 0 0 0 0 0 0 0 0 0 0 0 0 0 0 0 
35 60 [ ] 1 150 1 1 1 1 0 2 1 1 0 0 1 1 1 1 0 1 1 1 0 0 1 1 1 0 0 1 1 1 0 0 1 1 1 0 0 2 2 1 0 0 1 1 1 0 0 1 1 1 0 0 
36 60 [ ] 1 150 1 1 1 1 0 1 1 1 1 0 1 1 1 0 0 0 0 0 0 0 4 3 2 1 0 5 3 2 0 0 1 1 1 1 0 3 3 1 0 0 1 1 1 0 0 1 1 1 1 0 
37 30 [ ] 3 100 0 0 0 0 0 0 0 0 0 0 1 1 1 1 0 0 0 0 0 0 0 0 0 0 0 0 0 0 0 0 1 1 1 0 0 0 0 0 0 0 0 0 0 0 0 0 0 0 0 0 
38 60 [ ] 2 90 0 0 0 0 0 0 0 0 0 0 0 0 0 0 0 0 0 0 0 0 0 0 0 0 0 0 0 0 0 0 0 0 0 0 0 1 1 1 0 0 0 0 0 0 0 1 1 1 0 0 
39 30 [ ] 1 150 0 0 0 0 0 0 0 0 0 0 0 0 0 0 0 0 0 0 0 0 0 0 0 0 0 0 0 0 0 0 0 0 0 0 0 0 0 0 0 0 1 1 1 0 0 0 0 0 0 0 
40 60 [ ] 1 150 0 0 0 0 0 1 1 1 0 0 0 0 0 0 0 0 0 0 0 0 0 0 0 0 0 1 1 1 1 0 0 0 0 0 0 1 1 1 1 0 1 1 0 0 0 4 3 1 0 0 
41 30 [ ] 1 100 1 1 0 0 0 0 0 0 0 0 0 0 0 0 0 1 1 1 0 0 3 3 3 2 0 0 0 0 0 0 1 1 0 0 0 1 0 0 0 0 5 3 3 0 0 1 1 1 1 0 
42 60 [ ] 1 90 0 0 0 0 0 1 1 1 1 0 1 1 1 1 0 1 1 1 1 0 1 1 1 1 0 1 1 1 0 0 0 0 0 0 0 1 1 1 0 0 1 0 0 0 0 0 0 0 0 0 
43 60 [ 42 ] 1 50 1 1 1 0 0 2 1 0 0 0 1 1 1 0 0 0 0 0 0 0 0 0 0 0 0 1 1 1 1 0 3 2 1 1 0 1 1 1 1 0 1 1 1 1 0 1 1 1 0 0 
44 30 [ 42 43 ] 1 50 0 0 0 0 0 0 0 0 0 0 0 0 0 0 0 0 0 0 0 0 0 0 0 0 0 1 1 1 1 0 0 0 0 0 0 0 0 0 0 0 0 0 0 0 0 0 0 0 0 0 
45 60 [ 42 43 44 ] 3 50 3 3 3 2 0 0 0 0 0 0 1 1 1 1 0 1 1 1 0 0 1 1 1 1 0 1 1 1 1 0 4 2 1 1 0 3 3 1 0 0 1 1 1 0 0 0 0 0 0 0 
46 30 [ ] 1 150 0 0 0 0 0 0 0 0 0 0 0 0 0 0 0 0 0 0 0 0 0 0 0 0 0 0 0 0 0 0 0 0 0 0 0 1 1 1 1 0 0 0 0 0 0 0 0 0 0 0 
47 60 [ 46 ] 1 100 1 1 1 0 0 1 1 1 0 0 1 1 0 0 0 5 5 4 1 0 1 1 1 1 0 3 3 3 1 0 1 1 1 0 0 2 1 1 1 0 1 1 1 0 0 1 1 1 1 0 
48 30 [ ] 1 150 1 1 1 0 0 5 0 0 0 0 0 0 0 0 0 0 0 0 0 0 0 0 0 0 0 0 0 0 0 0 3 2 2 0 0 0 0 0 0 0 1 1 1 1 0 0 0 0 0 0 
49 60 [ ] 1 100 0 0 0 0 0 0 0 0 0 0 1 1 1 0 0 1 1 1 1 0 0 0 0 0 0 0 0 0 0 0 0 0 0 0 0 0 0 0 0 0 1 1 1 1 0 0 0 0 0 0 
50 60 [ 47 48 49 ] 1 100 1 1 0 0 0 1 1 1 1 0 2 1 1 1 0 1 1 1 1 0 1 1 1 0 0 1 1 1 1 0 1 1 1 1 0 0 0 0 0 0 1 0 0 0 0 1 1 1 1 0 
51 120 [ ] 1 90 1 1 1 1 0 1 1 1 0 0 0 0 0 0 0 1 1 1 1 0 0 0 0 0 0 0 0 0 0 0 1 1 1 0 0 1 1 1 0 0 0 0 0 0 0 0 0 0 0 0 
52 60 [ ] 1 100 1 1 1 1 0 0 0 0 0 0 1 0 0 0 0 0 0 0 0 0 2 2 2 1 0 0 0 0 0 0 0 0 0 0 0 0 0 0 0 0 1 1 1 0 0 0 0 0 0 0 
53 60 [ ] 2 90 2 2 1 0 0 1 1 1 0 0 1 1 1 1 0 1 1 0 0 0 1 1 1 0 0 1 1 1 0 0 1 1 0 0 0 1 1 0 0 0 5 4 2 2 0 3 3 3 2 0 
54 60 [ ] 4 60 5 3 3 2 0 0 0 0 0 0 0 0 0 0 0 0 0 0 0 0 0 0 0 0 0 0 0 0 0 0 0 0 0 0 0 1 1 1 1 0 0 0 0 0 0 0 0 0 0 0 
55 120 [ ] 2 60 1 1 0 0 0 0 0 0 0 0 0 0 0 0 0 0 0 0 0 0 0 0 0 0 0 0 0 0 0 0 0 0 0 0 0 0 0 0 0 0 0 0 0 0 0 5 3 2 0 0 
56 60 [ ] 1 100 1 1 1 1 0 2 2 2 2 0 1 1 1 0 0 1 1 1 1 0 1 1 1 1 0 1 1 1 1 0 1 1 1 0 0 1 1 1 0 0 1 1 1 0 0 1 1 1 1 0 
57 120 [ ] 4 100 0 0 0 0 0 0 0 0 0 0 1 1 1 1 0 0 0 0 0 0 0 0 0 0 0 1 0 0 0 0 1 1 1 1 0 0 0 0 0 0 0 0 0 0 0 1 1 1 1 0 
58 60 [ 57 ] 4 50 3 1 1 1 0 1 1 1 1 0 1 1 1 1 0 0 0 0 0 0 1 1 1 0 0 1 1 0 0 0 1 1 1 1 0 1 1 1 1 0 0 0 0 0 0 1 1 1 1 0 
59 120 [ ] 1 60 1 1 1 0 0 0 0 0 0 0 0 0 0 0 0 0 0 0 0 0 1 1 1 0 0 1 1 1 1 0 0 0 0 0 0 0 0 0 0 0 0 0 0 0 0 3 2 2 0 0 
60 60 [ 57 58 59 ] 4 60 0 0 0 0 0 0 0 0 0 0 0 0 0 0 0 0 0 0 0 0 0 0 0 0 0 0 0 0 0 0 0 0 0 0 0 0 0 0 0 0 1 1 1 1 0 1 0 0 0 0 
61 60 [ 59 60 ] 4 100 0 0 0 0 0 0 0 0 0 0 0 0 0 0 0 0 0 0 0 0 0 0 0 0 0 0 0 0 0 0 0 0 0 0 0 0 0 0 0 0 1 1 1 1 0 0 0 0 0 0 
62 60 [ ] 1 100 1 1 1 0 0 1 1 1 0 0 1 1 1 1 0 2 2 0 0 0 1 1 0 0 0 1 1 1 1 0 0 0 0 0 0 1 1 0 0 0 1 1 1 0 0 1 1 1 1 0 
63 120 [ 62 ] 1 150 1 0 0 0 0 0 0 0 0 0 0 0 0 0 0 1 1 1 0 0 1 1 1 1 0 1 1 1 0 0 1 1 1 0 0 1 1 1 0 0 5 5 4 2 0 1 1 1 0 0 
64 60 [ ] 1 20 0 0 0 0 0 0 0 0 0 0 0 0 0 0 0 0 0 0 0 0 0 0 0 0 0 0 0 0 0 0 0 0 0 0 0 1 1 1 0 0 1 1 1 1 0 0 0 0 0 0 
65 120 [ 64 ] 1 40 0 0 0 0 0 0 0 0 0 0 1 1 1 0 0 0 0 0 0 0 0 0 0 0 0 0 0 0 0 0 0 0 0 0 0 4 3 3 0 0 1 1 1 1 0 0 0 0 0 0 
66 120 [ 64 65 ] 3 90 1 1 1 1 0 0 0 0 0 0 1 1 1 0 0 4 3 2 1 0 1 0 0 0 0 1 0 0 0 0 0 0 0 0 0 0 0 0 0 0 1 1 1 0 0 1 1 0 0 0 
67 120 [ 66 ] 3 90 1 1 1 1 0 0 0 0 0 0 1 1 1 0 0 4 3 2 1 0 1 0 0 0 0 1 0 0 0 0 0 0 0 0 0 0 0 0 0 0 1 1 1 0 0 1 1 0 0 0 
68 60 [ ] 3 30 0 0 0 0 0 0 0 0 0 0 0 0 0 0 0 0 0 0 0 0 0 0 0 0 0 4 1 1 1 0 0 0 0 0 0 0 0 0 0 0 0 0 0 0 0 1 1 1 1 0 
69 60 [ 66 67 68 ] 3 100 1 1 1 0 0 0 0 0 0 0 0 0 0 0 0 0 0 0 0 0 1 1 0 0 0 0 0 0 0 0 1 1 1 1 0 0 0 0 0 0 3 3 2 2 0 1 1 1 1 0 
70 120 [ 68 69 ] 3 150 0 0 0 0 0 0 0 0 0 0 0 0 0 0 0 0 0 0 0 0 0 0 0 0 0 0 0 0 0 0 0 0 0 0 0 1 1 1 0 0 0 0 0 0 0 0 0 0 0 0 
71 120 [ ] 2 90 1 1 1 0 0 1 1 1 1 0 3 3 2 2 0 1 1 1 0 0 1 1 1 0 0 1 1 1 1 0 3 0 0 0 0 1 1 1 1 0 1 0 0 0 0 1 1 1 1 0 
72 120 [ 71 ] 2 90 1 1 1 0 0 1 1 1 1 0 3 3 2 2 0 1 1 1 0 0 1 1 1 0 0 1 1 1 1 0 3 0 0 0 0 1 1 1 1 0 1 0 0 0 0 1 1 1 1 0 
73 120 [ 72 ] 2 90 1 1 1 0 0 1 1 1 1 0 3 3 2 2 0 1 1 1 0 0 1 1 1 0 0 1 1 1 1 0 3 0 0 0 0 1 1 1 1 0 1 0 0 0 0 1 1 1 1 0 
74 120 [ 73 ] 2 100 0 0 0 0 0 1 1 1 1 0 0 0 0 0 0 0 0 0 0 0 1 1 1 0 0 0 0 0 0 0 0 0 0 0 0 0 0 0 0 0 0 0 0 0 0 0 0 0 0 0 
75 30 [ ] 4 60 1 1 1 0 0 1 1 1 1 0 5 5 5 3 0 1 1 1 0 0 0 0 0 0 0 0 0 0 0 0 0 0 0 0 0 0 0 0 0 0 0 0 0 0 0 0 0 0 0 0 
76 60 [ 74 75 ] 4 30 0 0 0 0 0 0 0 0 0 0 1 1 1 0 0 0 0 0 0 0 0 0 0 0 0 0 0 0 0 0 1 1 1 1 0 0 0 0 0 0 0 0 0 0 0 0 0 0 0 0 
77 30 [ 74 75 76 ] 4 90 4 4 2 1 0 1 1 1 1 0 3 2 0 0 0 1 1 1 0 0 1 1 1 0 0 2 2 2 0 0 1 1 1 1 0 1 1 1 0 0 1 1 1 1 0 1 1 0 0 0 
78 60 [ 77 ] 4 50 0 0 0 0 0 0 0 0 0 0 1 1 1 1 0 1 1 1 1 0 1 1 1 1 0 5 4 4 0 0 1 1 1 0 0 0 0 0 0 0 0 0 0 0 0 0 0 0 0 0 
79 60 [ ] 1 100 0 0 0 0 0 0 0 0 0 0 0 0 0 0 0 1 1 1 1 0 0 0 0 0 0 1 1 1 0 0 0 0 0 0 0 0 0 0 0 0 0 0 0 0 0 0 0 0 0 0 
80 30 [ ] 1 100 1 1 0 0 0 1 1 1 0 0 3 3 2 2 0 1 1 1 0 0 1 1 0 0 0 1 1 1 0 0 1 1 1 0 0 1 1 1 1 0 1 1 1 0 0 0 0 0 0 0 
81 120 [ 80 ] 1 50 1 1 1 0 0 1 1 1 0 0 1 0 0 0 0 0 0 0 0 0 0 0 0 0 0 5 4 2 1 0 0 0 0 0 0 5 3 1 0 0 1 1 1 1 0 1 1 1 0 0 
82 60 [ ] 1 100 5 1 0 0 0 0 0 0 0 0 0 0 0 0 0 2 2 1 0 0 4 3 3 1 0 1 1 1 1 0 0 0 0 0 0 0 0 0 0 0 5 4 3 3 0 0 0 0 0 0 
83 30 [ ] 4 50 1 1 1 1 0 1 1 1 1 0 1 0 0 0 0 1 1 1 0 0 1 1 1 0 0 1 0 0 0 0 1 1 1 1 0 1 1 0 0 0 3 0 0 0 0 5 3 0 0 0 
84 120 [ ] 4 50 0 0 0 0 0 0 0 0 0 0 0 0 0 0 0 0 0 0 0 0 0 0 0 0 0 0 0 0 0 0 0 0 0 0 0 0 0 0 0 0 1 1 1 1 0 0 0 0 0 0 
85 60 [ ] 1 100 1 1 1 0 0 0 0 0 0 0 0 0 0 0 0 0 0 0 0 0 0 0 0 0 0 0 0 0 0 0 0 0 0 0 0 0 0 0 0 0 0 0 0 0 0 1 1 1 0 0 
86 30 [ ] 1 50 0 0 0 0 0 1 1 1 0 0 1 1 1 0 0 1 1 0 0 0 3 0 0 0 0 0 0 0 0 0 1 1 1 1 0 0 0 0 0 0 0 0 0 0 0 0 0 0 0 0 
87 60 [ ] 1 100 1 1 1 0 0 1 1 1 0 0 4 0 0 0 0 1 1 1 1 0 1 1 1 1 0 1 0 0 0 0 1 1 1 1 0 1 1 1 1 0 4 3 2 1 0 1 1 1 0 0 
88 120 [ 85 86 87 ] 1 100 0 0 0 0 0 1 0 0 0 0 1 1 1 0 0 3 2 1 0 0 1 1 1 0 0 1 1 1 0 0 1 1 1 0 0 1 1 1 0 0 1 1 1 1 0 0 0 0 0 0 
89 60 [ 86 87 88 ] 1 100 1 1 0 0 0 3 0 0 0 0 0 0 0 0 0 1 1 1 0 0 0 0 0 0 0 0 0 0 0 0 1 1 1 1 0 0 0 0 0 0 3 3 2 0 0 1 1 1 0 0 
90 30 [ ] 1 90 0 0 0 0 0 0 0 0 0 0 2 2 0 0 0 5 2 1 1 0 1 1 1 0 0 1 1 1 1 0 0 0 0 0 0 1 1 0 0 0 0 0 0 0 0 0 0 0 0 0 
91 60 [ ] 1 100 0 0 0 0 0 0 0 0 0 0 0 0 0 0 0 0 0 0 0 0 0 0 0 0 0 0 0 0 0 0 1 0 0 0 0 0 0 0 0 0 0 0 0 0 0 0 0 0 0 0 
92 60 [ 90 91 ] 2 90 2 2 2 0 0 1 1 1 1 0 1 1 1 0 0 2 2 1 1 0 1 1 1 1 0 0 0 0 0 0 1 1 0 0 0 1 1 1 0 0 1 1 1 0 0 1 0 0 0 0 
93 60 [ ] 2 100 1 1 1 0 0 0 0 0 0 0 0 0 0 0 0 2 2 2 1 0 0 0 0 0 0 2 1 0 0 0 0 0 0 0 0 0 0 0 0 0 0 0 0 0 0 1 1 1 0 0 
94 30 [ ] 1 150 0 0 0 0 0 4 4 0 0 0 1 1 1 1 0 2 1 0 0 0 1 1 1 0 0 1 1 1 0 0 1 1 1 0 0 1 1 1 1 0 1 1 1 1 0 1 1 1 0 0 
95 30 [ ] 2 100 1 1 1 1 0 0 0 0 0 0 0 0 0 0 0 0 0 0 0 0 1 1 1 0 0 0 0 0 0 0 0 0 0 0 0 0 0 0 0 0 0 0 0 0 0 1 1 1 0 0 
96 60 [ ] 1 150 0 0 0 0 0 1 1 1 0 0 2 2 2 2 0 0 0 0 0 0 0 0 0 0 0 0 0 0 0 0 0 0 0 0 0 0 0 0 0 0 0 0 0 0 0 0 0 0 0 0 
97 60 [ ] 1 20 0 0 0 0 0 0 0 0 0 0 0 0 0 0 0 0 0 0 0 0 0 0 0 0 0 0 0 0 0 0 1 1 1 0 0 0 0 0 0 0 0 0 0 0 0 1 1 1 0 0 
98 60 [ ] 3 100 0 0 0 0 0 0 0 0 0 0 1 1 1 0 0 0 0 0 0 0 0 0 0 0 0 0 0 0 0 0 1 1 1 1 0 0 0 0 0 0 0 0 0 0 0 0 0 0 0 0 
99 60 [ ] 1 40 1 1 1 1 0 1 0 0 0 0 0 0 0 0 0 0 0 0 0 0 0 0 0 0 0 1 1 1 0 0 3 3 2 1 0 0 0 0 0 0 0 0 0 0 0 1 1 1 0 0 
100 60 [ ] 1 50 1 1 1 1 0 1 1 1 1 0 0 0 0 0 0 1 0 0 0 0 1 0 0 0 0 0 0 0 0 0 0 0 0 0 0 0 0 0 0 0 1 1 1 0 0 1 1 1 0 0 
101 60 [ 100 ] 4 150 0 0 0 0 0 0 0 0 0 0 1 1 1 1 0 0 0 0 0 0 0 0 0 0 0 0 0 0 0 0 0 0 0 0 0 0 0 0 0 0 0 0 0 0 0 1 1 1 0 0 
102 120 [ 101 ] 4 50 0 0 0 0 0 0 0 0 0 0 0 0 0 0 0 0 0 0 0 0 0 0 0 0 0 0 0 0 0 0 0 0 0 0 0 3 3 2 0 0 1 1 1 1 0 0 0 0 0 0 
103 120 [ 102 ] 4 50 0 0 0 0 0 0 0 0 0 0 0 0 0 0 0 0 0 0 0 0 0 0 0 0 0 0 0 0 0 0 0 0 0 0 0 3 3 2 0 0 1 1 1 1 0 0 0 0 0 0 
104 30 [ 103 ] 4 150 3 0 0 0 0 1 1 0 0 0 1 1 1 1 0 1 1 1 1 0 1 1 0 0 0 1 1 1 1 0 1 1 1 1 0 1 1 1 0 0 1 1 1 1 0 1 1 1 1 0 
105 60 [ ] 3 50 1 1 1 0 0 0 0 0 0 0 1 1 1 1 0 2 2 1 0 0 1 1 1 1 0 4 2 0 0 0 1 1 1 1 0 1 1 1 0 0 0 0 0 0 0 1 1 1 1 0 
106 120 [ ] 4 90 0 0 0 0 0 0 0 0 0 0 0 0 0 0 0 0 0 0 0 0 0 0 0 0 0 0 0 0 0 0 0 0 0 0 0 0 0 0 0 0 1 1 1 1 0 1 1 1 0 0 
107 120 [ 106 ] 4 90 0 0 0 0 0 0 0 0 0 0 0 0 0 0 0 0 0 0 0 0 0 0 0 0 0 0 0 0 0 0 0 0 0 0 0 0 0 0 0 0 1 1 1 1 0 1 1 1 0 0 
108 60 [ 107 ] 4 50 0 0 0 0 0 0 0 0 0 0 1 1 1 0 0 0 0 0 0 0 0 0 0 0 0 1 1 1 1 0 0 0 0 0 0 5 0 0 0 0 0 0 0 0 0 1 1 1 1 0 
109 60 [ ] 1 150 1 1 1 1 0 1 1 0 0 0 1 0 0 0 0 1 1 1 0 0 1 1 1 0 0 1 1 1 1 0 1 1 1 0 0 0 0 0 0 0 2 2 2 0 0 1 1 1 0 0 
110 30 [ ] 3 150 1 0 0 0 0 4 0 0 0 0 1 0 0 0 0 1 1 1 0 0 2 2 0 0 0 0 0 0 0 0 1 1 1 1 0 1 1 1 1 0 0 0 0 0 0 0 0 0 0 0 
111 60 [ ] 1 150 1 1 1 0 0 1 1 1 1 0 1 1 1 1 0 1 1 1 1 0 0 0 0 0 0 1 1 1 1 0 1 1 1 1 0 1 0 0 0 0 0 0 0 0 0 2 2 2 0 0 
112 60 [ ] 4 100 0 0 0 0 0 1 1 1 0 0 0 0 0 0 0 0 0 0 0 0 0 0 0 0 0 1 1 1 1 0 0 0 0 0 0 5 5 3 2 0 4 2 2 2 0 1 1 1 1 0 
113 30 [ 111 112 ] 4 90 0 0 0 0 0 1 0 0 0 0 1 1 1 0 0 1 0 0 0 0 1 1 1 1 0 1 0 0 0 0 0 0 0 0 0 1 1 1 0 0 0 0 0 0 0 1 1 1 0 0 
114 120 [ ] 1 90 0 0 0 0 0 1 1 0 0 0 0 0 0 0 0 0 0 0 0 0 1 1 1 0 0 0 0 0 0 0 0 0 0 0 0 1 1 1 1 0 1 1 1 1 0 0 0 0 0 0 
115 120 [ 114 ] 1 90 0 0 0 0 0 1 1 0 0 0 0 0 0 0 0 0 0 0 0 0 1 1 1 0 0 0 0 0 0 0 0 0 0 0 0 1 1 1 1 0 1 1 1 1 0 0 0 0 0 0 
116 120 [ ] 1 100 1 1 1 1 0 3 0 0 0 0 0 0 0 0 0 1 1 1 1 0 1 1 1 0 0 1 1 1 0 0 1 1 1 1 0 1 1 1 0 0 1 1 1 1 0 4 2 0 0 0 
117 60 [ ] 3 50 3 2 2 0 0 0 0 0 0 0 1 1 1 1 0 2 1 1 0 0 0 0 0 0 0 1 1 0 0 0 1 1 1 1 0 1 1 1 1 0 1 1 1 1 0 1 1 1 1 0 
118 60 [ ] 1 50 0 0 0 0 0 1 1 1 1 0 0 0 0 0 0 0 0 0 0 0 0 0 0 0 0 0 0 0 0 0 0 0 0 0 0 0 0 0 0 0 0 0 0 0 0 0 0 0 0 0 
119 60 [ ] 4 100 0 0 0 0 0 0 0 0 0 0 0 0 0 0 0 0 0 0 0 0 0 0 0 0 0 1 1 1 1 0 0 0 0 0 0 0 0 0 0 0 0 0 0 0 0 0 0 0 0 0 
120 60 [ ] 2 50 4 3 2 1 0 1 1 1 1 0 1 1 1 0 0 5 2 0 0 0 5 0 0 0 0 2 2 0 0 0 4 4 3 1 0 1 1 0 0 0 0 0 0 0 0 1 1 1 1 0 
121 60 [ 119 120 ] 4 60 1 1 0 0 0 0 0 0 0 0 1 1 1 1 0 0 0 0 0 0 0 0 0 0 0 5 4 3 0 0 1 0 0 0 0 1 0 0 0 0 0 0 0 0 0 0 0 0 0 0 
122 60 [ ] 4 30 1 1 1 0 0 1 1 1 1 0 1 1 1 0 0 1 1 1 1 0 1 1 1 0 0 1 1 1 0 0 1 1 1 0 0 1 1 1 0 0 1 1 1 0 0 1 1 1 1 0 
123 30 [ 122 ] 4 60 0 0 0 0 0 1 1 1 1 0 1 1 0 0 0 0 0 0 0 0 0 0 0 0 0 1 1 1 1 0 0 0 0 0 0 0 0 0 0 0 0 0 0 0 0 5 4 2 1 0 
124 120 [ 122 123 ] 4 60 0 0 0 0 0 0 0 0 0 0 0 0 0 0 0 1 1 1 1 0 0 0 0 0 0 0 0 0 0 0 0 0 0 0 0 0 0 0 0 0 0 0 0 0 0 0 0 0 0 0 
125 120 [ 124 ] 4 150 5 3 2 0 0 0 0 0 0 0 1 1 1 0 0 0 0 0 0 0 0 0 0 0 0 0 0 0 0 0 0 0 0 0 0 0 0 0 0 0 0 0 0 0 0 0 0 0 0 0 
126 30 [ ] 2 50 0 0 0 0 0 0 0 0 0 0 0 0 0 0 0 0 0 0 0 0 0 0 0 0 0 0 0 0 0 0 0 0 0 0 0 0 0 0 0 0 1 1 1 0 0 0 0 0 0 0 
127 120 [ ] 4 30 1 1 1 1 0 0 0 0 0 0 0 0 0 0 0 0 0 0 0 0 1 1 0 0 0 0 0 0 0 0 1 1 0 0 0 0 0 0 0 0 0 0 0 0 0 1 1 1 1 0 
128 120 [ 127 ] 4 30 1 1 1 1 0 0 0 0 0 0 0 0 0 0 0 0 0 0 0 0 1 1 0 0 0 0 0 0 0 0 1 1 0 0 0 0 0 0 0 0 0 0 0 0 0 1 1 1 1 0 
129 120 [ ] 2 60 0 0 0 0 0 0 0 0 0 0 1 1 1 0 0 0 0 0 0 0 0 0 0 0 0 0 0 0 0 0 0 0 0 0 0 0 0 0 0 0 0 0 0 0 0 0 0 0 0 0 
130 120 [ 129 ] 2 60 0 0 0 0 0 0 0 0 0 0 1 1 1 0 0 0 0 0 0 0 0 0 0 0 0 0 0 0 0 0 0 0 0 0 0 0 0 0 0 0 0 0 0 0 0 0 0 0 0 0 
131 30 [ ] 1 90 0 0 0 0 0 0 0 0 0 0 0 0 0 0 0 3 0 0 0 0 0 0 0 0 0 0 0 0 0 0 1 1 1 0 0 1 1 1 0 0 1 1 1 0 0 1 1 0 0 0 
132 60 [ ] 1 40 1 1 1 1 0 1 1 1 1 0 0 0 0 0 0 1 1 1 0 0 4 2 2 2 0 1 1 1 0 0 1 1 1 1 0 0 0 0 0 0 1 1 1 0 0 1 1 1 1 0 
133 30 [ ] 1 90 0 0 0 0 0 0 0 0 0 0 0 0 0 0 0 1 1 1 1 0 0 0 0 0 0 0 0 0 0 0 1 1 1 1 0 0 0 0 0 0 0 0 0 0 0 0 0 0 0 0 
134 60 [ ] 3 30 1 1 1 0 0 1 1 1 0 0 1 1 1 1 0 0 0 0 0 0 0 0 0 0 0 0 0 0 0 0 0 0 0 0 0 4 3 1 0 0 0 0 0 0 0 0 0 0 0 0 
135 60 [ ] 4 100 0 0 0 0 0 0 0 0 0 0 0 0 0 0 0 0 0 0 0 0 0 0 0 0 0 0 0 0 0 0 0 0 0 0 0 0 0 0 0 0 0 0 0 0 0 1 0 0 0 0 
136 60 [ 133 134 135 ] 4 100 0 0 0 0 0 1 1 1 0 0 0 0 0 0 0 0 0 0 0 0 0 0 0 0 0 1 1 1 1 0 4 1 1 0 0 1 0 0 0 0 1 1 1 1 0 1 0 0 0 0 
137 60 [ 135 136 ] 4 100 0 0 0 0 0 0 0 0 0 0 0 0 0 0 0 0 0 0 0 0 0 0 0 0 0 0 0 0 0 0 1 1 0 0 0 0 0 0 0 0 0 0 0 0 0 0 0 0 0 0 
138 60 [ 136 137 ] 4 50 3 3 2 0 0 0 0 0 0 0 5 0 0 0 0 1 0 0 0 0 0 0 0 0 0 0 0 0 0 0 1 1 0 0 0 0 0 0 0 0 0 0 0 0 0 1 0 0 0 0 
139 120 [ 136 137 138 ] 4 100 0 0 0 0 0 0 0 0 0 0 1 1 1 1 0 0 0 0 0 0 0 0 0 0 0 0 0 0 0 0 0 0 0 0 0 0 0 0 0 0 0 0 0 0 0 3 3 0 0 0 
140 120 [ 138 139 ] 4 50 1 1 1 1 0 1 1 1 1 0 1 1 1 1 0 1 1 1 0 0 5 2 2 0 0 1 1 1 0 0 1 1 1 1 0 1 1 0 0 0 1 1 1 1 0 1 1 1 1 0 
141 120 [ 140 ] 4 50 1 1 1 1 0 1 1 1 1 0 1 1 1 1 0 1 1 1 0 0 5 2 2 0 0 1 1 1 0 0 1 1 1 1 0 1 1 0 0 0 1 1 1 1 0 1 1 1 1 0 
142 60 [ ] 1 150 0 0 0 0 0 1 1 1 1 0 1 1 1 1 0 1 1 1 1 0 1 1 1 0 0 3 3 3 1 0 0 0 0 0 0 1 1 1 0 0 4 3 3 1 0 4 4 2 0 0 
143 60 [ 142 ] 4 40 0 0 0 0 0 0 0 0 0 0 0 0 0 0 0 0 0 0 0 0 0 0 0 0 0 0 0 0 0 0 0 0 0 0 0 1 1 0 0 0 0 0 0 0 0 0 0 0 0 0 
144 30 [ ] 2 30 1 1 1 0 0 0 0 0 0 0 1 1 1 1 0 0 0 0 0 0 0 0 0 0 0 1 1 1 1 0 1 1 1 1 0 0 0 0 0 0 1 1 1 0 0 0 0 0 0 0 
145 60 [ ] 1 30 0 0 0 0 0 1 1 1 0 0 1 1 1 0 0 3 3 3 0 0 1 1 1 1 0 1 1 1 1 0 0 0 0 0 0 0 0 0 0 0 1 1 1 1 0 4 0 0 0 0 
146 60 [ ] 2 30 5 3 2 0 0 0 0 0 0 0 0 0 0 0 0 0 0 0 0 0 3 1 1 0 0 1 1 1 0 0 0 0 0 0 0 4 3 2 0 0 1 0 0 0 0 0 0 0 0 0 
147 60 [ ] 1 90 4 4 3 2 0 1 1 1 0 0 1 1 1 1 0 1 1 1 0 0 1 1 1 0 0 0 0 0 0 0 0 0 0 0 0 1 1 1 0 0 0 0 0 0 0 0 0 0 0 0 
148 30 [ ] 1 150 1 1 1 0 0 1 1 1 1 0 0 0 0 0 0 0 0 0 0 0 0 0 0 0 0 0 0 0 0 0 5 3 2 0 0 1 1 1 0 0 0 0 0 0 0 0 0 0 0 0 
149 60 [ 147 148 ] 3 100 2 1 1 0 0 5 0 0 0 0 1 1 0 0 0 1 0 0 0 0 3 2 2 1 0 0 0 0 0 0 0 0 0 0 0 1 1 1 1 0 0 0 0 0 0 0 0 0 0 0 
150 60 [ 149 ] 3 50 0 0 0 0 0 1 0 0 0 0 0 0 0 0 0 1 1 1 0 0 0 0 0 0 0 4 3 3 2 0 0 0 0 0 0 0 0 0 0 0 4 0 0 0 0 1 1 1 1 0 
151 30 [ ] 1 150 0 0 0 0 0 0 0 0 0 0 0 0 0 0 0 0 0 0 0 0 0 0 0 0 0 0 0 0 0 0 0 0 0 0 0 1 1 1 0 0 0 0 0 0 0 0 0 0 0 0 
152 60 [ 149 150 151 ] 3 30 0 0 0 0 0 4 4 2 0 0 0 0 0 0 0 0 0 0 0 0 0 0 0 0 0 0 0 0 0 0 0 0 0 0 0 0 0 0 0 0 0 0 0 0 0 0 0 0 0 0 
153 30 [ ] 1 60 0 0 0 0 0 0 0 0 0 0 0 0 0 0 0 0 0 0 0 0 0 0 0 0 0 0 0 0 0 0 2 2 2 1 0 0 0 0 0 0 0 0 0 0 0 0 0 0 0 0 
154 30 [ ] 3 100 1 1 1 0 0 1 1 1 1 0 1 1 0 0 0 3 2 2 2 0 5 3 3 2 0 1 1 0 0 0 1 1 1 1 0 1 1 1 0 0 1 1 1 0 0 1 1 1 0 0 
155 30 [ 154 ] 4 100 1 1 1 1 0 1 1 1 1 0 1 1 1 1 0 1 1 1 1 0 0 0 0 0 0 0 0 0 0 0 0 0 0 0 0 0 0 0 0 0 0 0 0 0 0 0 0 0 0 0 
156 60 [ ] 2 100 0 0 0 0 0 1 1 1 1 0 0 0 0 0 0 0 0 0 0 0 0 0 0 0 0 0 0 0 0 0 5 4 3 0 0 1 1 1 0 0 0 0 0 0 0 0 0 0 0 0 
157 60 [ ] 1 150 0 0 0 0 0 0 0 0 0 0 0 0 0 0 0 1 1 1 1 0 0 0 0 0 0 0 0 0 0 0 0 0 0 0 0 0 0 0 0 0 0 0 0 0 0 0 0 0 0 0 
158 60 [ ] 2 150 0 0 0 0 0 0 0 0 0 0 0 0 0 0 0 1 1 1 1 0 0 0 0 0 0 0 0 0 0 0 0 0 0 0 0 0 0 0 0 0 1 1 1 1 0 0 0 0 0 0 
159 60 [ 156 157 158 ] 4 50 1 1 1 1 0 1 1 1 1 0 0 0 0 0 0 0 0 0 0 0 1 1 1 1 0 1 1 1 0 0 0 0 0 0 0 0 0 0 0 0 0 0 0 0 0 0 0 0 0 0 
160 60 [ ] 2 50 1 1 0 0 0 0 0 0 0 0 1 1 1 0 0 1 1 1 1 0 0 0 0 0 0 2 2 2 2 0 3 3 3 1 0 1 1 1 0 0 1 1 0 0 0 1 0 0 0 0 
161 60 [ 158 159 160 ] 4 50 1 0 0 0 0 1 1 1 0 0 1 0 0 0 0 1 1 0 0 0 1 1 1 0 0 1 1 1 0 0 0 0 0 0 0 0 0 0 0 0 1 1 1 0 0 1 1 1 0 0 
162 120 [ ] 1 60 1 1 0 0 0 0 0 0 0 0 0 0 0 0 0 0 0 0 0 0 1 1 1 0 0 0 0 0 0 0 1 1 1 1 0 1 1 1 1 0 1 0 0 0 0 0 0 0 0 0 
163 120 [ ] 4 150 0 0 0 0 0 0 0 0 0 0 0 0 0 0 0 0 0 0 0 0 0 0 0 0 0 0 0 0 0 0 0 0 0 0 0 0 0 0 0 0 0 0 0 0 0 3 2 2 2 0 
164 60 [ ] 1 150 5 3 2 0 0 2 1 0 0 0 0 0 0 0 0 1 1 0 0 0 0 0 0 0 0 0 0 0 0 0 0 0 0 0 0 0 0 0 0 0 0 0 0 0 0 1 0 0 0 0 
165 120 [ ] 1 30 0 0 0 0 0 0 0 0 0 0 0 0 0 0 0 0 0 0 0 0 1 1 1 0 0 0 0 0 0 0 0 0 0 0 0 0 0 0 0 0 0 0 0 0 0 0 0 0 0 0 
166 120 [ ] 1 50 0 0 0 0 0 0 0 0 0 0 1 1 1 0 0 0 0 0 0 0 0 0 0 0 0 0 0 0 0 0 0 0 0 0 0 1 1 1 1 0 4 2 2 2 0 3 3 2 0 0 
167 120 [ 166 ] 1 50 0 0 0 0 0 0 0 0 0 0 1 1 1 0 0 0 0 0 0 0 0 0 0 0 0 0 0 0 0 0 0 0 0 0 0 1 1 1 1 0 4 2 2 2 0 3 3 2 0 0 
168 120 [ 167 ] 1 50 0 0 0 0 0 0 0 0 0 0 1 1 1 0 0 0 0 0 0 0 0 0 0 0 0 0 0 0 0 0 0 0 0 0 0 1 1 1 1 0 4 2 2 2 0 3 3 2 0 0 
169 60 [ 167 168 ] 1 150 1 1 1 0 0 1 1 0 0 0 1 1 1 0 0 1 1 1 0 0 1 1 1 0 0 1 1 1 1 0 5 5 0 0 0 0 0 0 0 0 0 0 0 0 0 1 1 1 0 0 
170 60 [ ] 1 90 0 0 0 0 0 0 0 0 0 0 0 0 0 0 0 1 1 1 1 0 0 0 0 0 0 0 0 0 0 0 1 1 1 0 0 2 1 1 0 0 1 1 0 0 0 3 3 2 2 0 
171 60 [ 169 170 ] 3 90 0 0 0 0 0 0 0 0 0 0 1 1 1 1 0 0 0 0 0 0 0 0 0 0 0 0 0 0 0 0 0 0 0 0 0 1 1 0 0 0 0 0 0 0 0 0 0 0 0 0 
172 60 [ 170 171 ] 3 100 1 1 1 1 0 1 1 1 0 0 1 1 0 0 0 1 1 1 0 0 2 1 1 0 0 1 1 1 1 0 1 1 1 1 0 1 1 1 1 0 1 1 1 1 0 1 1 1 1 0 
173 60 [ 171 172 ] 3 90 0 0 0 0 0 0 0 0 0 0 0 0 0 0 0 1 1 1 0 0 0 0 0 0 0 0 0 0 0 0 0 0 0 0 0 0 0 0 0 0 0 0 0 0 0 0 0 0 0 0 
174 120 [ ] 4 50 0 0 0 0 0 0 0 0 0 0 0 0 0 0 0 0 0 0 0 0 1 0 0 0 0 0 0 0 0 0 0 0 0 0 0 0 0 0 0 0 0 0 0 0 0 2 1 0 0 0 
175 30 [ ] 1 50 3 1 1 1 0 5 2 1 0 0 1 1 1 1 0 1 1 1 1 0 5 0 0 0 0 1 1 1 0 0 1 1 1 0 0 3 2 1 1 0 0 0 0 0 0 1 1 1 1 0 
176 120 [ 173 174 175 ] 4 100 1 1 1 1 0 2 2 1 1 0 1 1 1 0 0 2 0 0 0 0 2 1 1 1 0 5 4 4 3 0 0 0 0 0 0 0 0 0 0 0 1 1 1 0 0 1 1 1 0 0 
177 120 [ 176 ] 4 100 1 1 1 1 0 2 2 1 1 0 1 1 1 0 0 2 0 0 0 0 2 1 1 1 0 5 4 4 3 0 0 0 0 0 0 0 0 0 0 0 1 1 1 0 0 1 1 1 0 0 
178 60 [ 175 176 177 ] 4 50 0 0 0 0 0 0 0 0 0 0 1 0 0 0 0 1 1 1 1 0 0 0 0 0 0 1 1 1 1 0 1 1 1 1 0 1 1 1 1 0 0 0 0 0 0 5 5 4 0 0 
179 120 [ ] 1 40 1 1 1 1 0 1 1 1 1 0 4 2 0 0 0 5 2 2 1 0 0 0 0 0 0 1 1 1 1 0 0 0 0 0 0 0 0 0 0 0 0 0 0 0 0 1 1 1 1 0 
180 120 [ 179 ] 1 40 1 1 1 1 0 1 1 1 1 0 4 2 0 0 0 5 2 2 1 0 0 0 0 0 0 1 1 1 1 0 0 0 0 0 0 0 0 0 0 0 0 0 0 0 0 1 1 1 1 0 
181 120 [ 180 ] 1 40 1 1 1 1 0 1 1 1 1 0 4 2 0 0 0 5 2 2 1 0 0 0 0 0 0 1 1 1 1 0 0 0 0 0 0 0 0 0 0 0 0 0 0 0 0 1 1 1 1 0 
182 30 [ ] 1 100 2 1 1 0 0 1 0 0 0 0 1 0 0 0 0 1 1 0 0 0 1 1 1 0 0 2 2 1 0 0 1 1 1 1 0 1 1 1 1 0 2 2 1 0 0 3 0 0 0 0 
183 120 [ 181 182 ] 1 30 1 1 1 0 0 0 0 0 0 0 1 1 0 0 0 1 0 0 0 0 1 1 1 1 0 4 4 3 2 0 0 0 0 0 0 1 1 1 1 0 1 1 1 1 0 1 1 1 1 0 
184 60 [ 181 182 183 ] 1 60 2 1 1 0 0 0 0 0 0 0 1 1 1 0 0 1 1 1 1 0 0 0 0 0 0 1 1 1 0 0 1 1 1 1 0 1 1 0 0 0 1 1 1 1 0 1 0 0 0 0 
185 60 [ ] 1 150 0 0 0 0 0 0 0 0 0 0 0 0 0 0 0 0 0 0 0 0 1 0 0 0 0 0 0 0 0 0 0 0 0 0 0 0 0 0 0 0 0 0 0 0 0 0 0 0 0 0 
186 30 [ 183 184 185 ] 4 60 1 1 0 0 0 0 0 0 0 0 0 0 0 0 0 0 0 0 0 0 0 0 0 0 0 0 0 0 0 0 0 0 0 0 0 0 0 0 0 0 0 0 0 0 0 0 0 0 0 0 
187 30 [ ] 2 90 0 0 0 0 0 2 2 1 0 0 1 1 1 0 0 4 2 2 1 0 3 1 1 0 0 1 0 0 0 0 1 0 0 0 0 1 1 1 1 0 1 1 1 1 0 0 0 0 0 0 
188 30 [ ] 3 150 1 1 1 0 0 1 1 0 0 0 2 1 0 0 0 1 0 0 0 0 0 0 0 0 0 1 1 1 0 0 1 0 0 0 0 5 5 2 2 0 1 1 1 1 0 1 0 0 0 0 
189 60 [ ] 1 100 0 0 0 0 0 0 0 0 0 0 0 0 0 0 0 1 0 0 0 0 0 0 0 0 0 0 0 0 0 0 0 0 0 0 0 0 0 0 0 0 0 0 0 0 0 0 0 0 0 0 
190 120 [ 189 ] 2 150 0 0 0 0 0 0 0 0 0 0 1 1 1 0 0 0 0 0 0 0 0 0 0 0 0 0 0 0 0 0 0 0 0 0 0 0 0 0 0 0 0 0 0 0 0 0 0 0 0 0 
191 120 [ 190 ] 2 150 0 0 0 0 0 0 0 0 0 0 1 1 1 0 0 0 0 0 0 0 0 0 0 0 0 0 0 0 0 0 0 0 0 0 0 0 0 0 0 0 0 0 0 0 0 0 0 0 0 0 
192 120 [ 191 ] 2 150 0 0 0 0 0 0 0 0 0 0 1 1 1 0 0 0 0 0 0 0 0 0 0 0 0 0 0 0 0 0 0 0 0 0 0 0 0 0 0 0 0 0 0 0 0 0 0 0 0 0 
193 120 [ ] 4 60 1 1 1 1 0 1 1 1 1 0 1 1 1 0 0 1 1 0 0 0 1 1 1 0 0 1 1 1 0 0 1 1 0 0 0 1 1 1 1 0 3 3 2 0 0 1 1 1 1 0 
194 120 [ 193 ] 4 60 1 1 1 1 0 1 1 1 1 0 1 1 1 0 0 1 1 0 0 0 1 1 1 0 0 1 1 1 0 0 1 1 0 0 0 1 1 1 1 0 3 3 2 0 0 1 1 1 1 0 
195 60 [ ] 1 50 0 0 0 0 0 1 1 1 0 0 0 0 0 0 0 0 0 0 0 0 0 0 0 0 0 0 0 0 0 0 0 0 0 0 0 0 0 0 0 0 0 0 0 0 0 0 0 0 0 0 
196 120 [ 195 ] 1 100 0 0 0 0 0 0 0 0 0 0 0 0 0 0 0 0 0 0 0 0 0 0 0 0 0 1 1 1 1 0 0 0 0 0 0 0 0 0 0 0 1 1 1 1 0 0 0 0 0 0 
197 120 [ 196 ] 1 100 0 0 0 0 0 0 0 0 0 0 0 0 0 0 0 0 0 0 0 0 0 0 0 0 0 1 1 1 1 0 0 0 0 0 0 0 0 0 0 0 1 1 1 1 0 0 0 0 0 0 
198 120 [ ] 2 30 0 0 0 0 0 0 0 0 0 0 0 0 0 0 0 0 0 0 0 0 0 0 0 0 0 0 0 0 0 0 0 0 0 0 0 0 0 0 0 0 1 1 1 0 0 0 0 0 0 0 
199 120 [ 198 ] 2 30 0 0 0 0 0 0 0 0 0 0 0 0 0 0 0 0 0 0 0 0 0 0 0 0 0 0 0 0 0 0 0 0 0 0 0 0 0 0 0 0 1 1 1 0 0 0 0 0 0 0 
200 30 [ ] 2 100 1 1 1 1 0 1 1 1 1 0 1 1 1 0 0 1 1 1 0 0 1 1 0 0 0 1 1 1 1 0 1 1 1 0 0 1 1 1 0 0 3 1 1 0 0 1 1 1 0 0 
201 60 [ ] 1 30 1 1 1 0 0 0 0 0 0 0 0 0 0 0 0 0 0 0 0 0 1 1 1 1 0 0 0 0 0 0 0 0 0 0 0 0 0 0 0 0 0 0 0 0 0 0 0 0 0 0 
202 60 [ 200 201 ] 2 150 0 0 0 0 0 0 0 0 0 0 0 0 0 0 0 0 0 0 0 0 5 4 4 4 0 0 0 0 0 0 0 0 0 0 0 0 0 0 0 0 0 0 0 0 0 3 2 2 1 0 
203 60 [ 202 ] 2 100 0 0 0 0 0 0 0 0 0 0 1 1 1 1 0 1 1 1 1 0 3 3 1 0 0 4 4 1 0 0 0 0 0 0 0 1 0 0 0 0 0 0 0 0 0 1 1 1 0 0 
204 30 [ ] 1 60 0 0 0 0 0 0 0 0 0 0 0 0 0 0 0 1 1 1 0 0 0 0 0 0 0 0 0 0 0 0 1 1 1 0 0 0 0 0 0 0 0 0 0 0 0 0 0 0 0 0 
205 60 [ ] 1 100 0 0 0 0 0 0 0 0 0 0 0 0 0 0 0 0 0 0 0 0 1 1 1 1 0 0 0 0 0 0 0 0 0 0 0 0 0 0 0 0 0 0 0 0 0 0 0 0 0 0 
206 120 [ ] 4 150 0 0 0 0 0 0 0 0 0 0 0 0 0 0 0 0 0 0 0 0 0 0 0 0 0 0 0 0 0 0 5 4 3 1 0 0 0 0 0 0 0 0 0 0 0 0 0 0 0 0 
207 120 [ 206 ] 4 150 0 0 0 0 0 0 0 0 0 0 0 0 0 0 0 0 0 0 0 0 0 0 0 0 0 0 0 0 0 0 5 4 3 1 0 0 0 0 0 0 0 0 0 0 0 0 0 0 0 0 
208 60 [ ] 1 100 0 0 0 0 0 0 0 0 0 0 0 0 0 0 0 0 0 0 0 0 0 0 0 0 0 1 1 1 0 0 0 0 0 0 0 0 0 0 0 0 0 0 0 0 0 0 0 0 0 0 
209 30 [ ] 4 60 0 0 0 0 0 1 1 0 0 0 0 0 0 0 0 0 0 0 0 0 5 0 0 0 0 2 2 1 1 0 1 1 1 1 0 0 0 0 0 0 1 1 1 1 0 1 1 1 0 0 
210 30 [ ] 1 60 0 0 0 0 0 0 0 0 0 0 0 0 0 0 0 0 0 0 0 0 2 2 2 0 0 0 0 0 0 0 0 0 0 0 0 0 0 0 0 0 0 0 0 0 0 0 0 0 0 0 
211 60 [ ] 4 150 0 0 0 0 0 0 0 0 0 0 0 0 0 0 0 0 0 0 0 0 0 0 0 0 0 0 0 0 0 0 0 0 0 0 0 0 0 0 0 0 0 0 0 0 0 1 1 1 0 0 
212 60 [ 209 210 211 ] 4 100 0 0 0 0 0 0 0 0 0 0 1 0 0 0 0 0 0 0 0 0 0 0 0 0 0 0 0 0 0 0 0 0 0 0 0 0 0 0 0 0 1 1 1 0 0 0 0 0 0 0 
213 120 [ 212 ] 4 100 0 0 0 0 0 0 0 0 0 0 0 0 0 0 0 1 1 1 1 0 0 0 0 0 0 0 0 0 0 0 1 1 1 0 0 0 0 0 0 0 0 0 0 0 0 0 0 0 0 0 
214 120 [ 213 ] 4 100 0 0 0 0 0 0 0 0 0 0 0 0 0 0 0 1 1 1 1 0 0 0 0 0 0 0 0 0 0 0 1 1 1 0 0 0 0 0 0 0 0 0 0 0 0 0 0 0 0 0 
215 60 [ ] 3 90 0 0 0 0 0 0 0 0 0 0 3 1 1 0 0 0 0 0 0 0 0 0 0 0 0 0 0 0 0 0 1 1 1 1 0 0 0 0 0 0 0 0 0 0 0 0 0 0 0 0 
216 60 [ ] 2 60 1 1 1 0 0 0 0 0 0 0 1 1 1 0 0 0 0 0 0 0 0 0 0 0 0 1 0 0 0 0 1 1 1 0 0 0 0 0 0 0 5 5 3 0 0 4 3 2 2 0 
217 30 [ 215 216 ] 4 60 0 0 0 0 0 0 0 0 0 0 0 0 0 0 0 0 0 0 0 0 0 0 0 0 0 0 0 0 0 0 5 3 2 2 0 1 1 1 0 0 0 0 0 0 0 0 0 0 0 0 
218 60 [ ] 1 100 5 5 2 0 0 0 0 0 0 0 1 1 1 0 0 0 0 0 0 0 0 0 0 0 0 0 0 0 0 0 0 0 0 0 0 0 0 0 0 0 0 0 0 0 0 0 0 0 0 0 
219 30 [ ] 1 100 0 0 0 0 0 1 0 0 0 0 5 2 0 0 0 1 1 1 0 0 1 1 1 1 0 2 2 2 2 0 1 1 1 0 0 2 1 1 1 0 1 0 0 0 0 1 1 0 0 0 
220 60 [ ] 2 100 0 0 0 0 0 0 0 0 0 0 1 0 0 0 0 0 0 0 0 0 1 1 0 0 0 0 0 0 0 0 0 0 0 0 0 0 0 0 0 0 0 0 0 0 0 1 1 1 1 0 
221 120 [ ] 1 150 0 0 0 0 0 0 0 0 0 0 0 0 0 0 0 1 1 1 1 0 0 0 0 0 0 0 0 0 0 0 0 0 0 0 0 5 0 0 0 0 0 0 0 0 0 0 0 0 0 0 
222 60 [ ] 1 30 1 1 1 0 0 2 2 1 1 0 2 1 1 1 0 5 2 1 0 0 1 1 1 1 0 1 1 1 1 0 4 4 2 0 0 1 1 1 0 0 1 1 1 1 0 1 1 1 0 0 
223 60 [ 222 ] 1 50 1 1 1 1 0 0 0 0 0 0 0 0 0 0 0 0 0 0 0 0 1 1 1 0 0 1 1 1 0 0 0 0 0 0 0 5 4 2 0 0 1 1 1 1 0 2 2 0 0 0 
224 60 [ 221 222 223 ] 1 50 1 1 0 0 0 0 0 0 0 0 0 0 0 0 0 0 0 0 0 0 0 0 0 0 0 1 1 1 0 0 0 0 0 0 0 0 0 0 0 0 0 0 0 0 0 0 0 0 0 0 
225 60 [ ] 2 30 5 0 0 0 0 0 0 0 0 0 1 1 1 1 0 1 1 1 0 0 1 1 1 1 0 1 1 1 0 0 5 4 3 3 0 1 1 0 0 0 0 0 0 0 0 5 3 2 0 0 
226 30 [ ] 4 100 2 2 2 2 0 1 1 1 1 0 1 1 1 1 0 1 1 1 1 0 2 2 1 1 0 1 1 1 0 0 1 0 0 0 0 3 2 2 2 0 1 1 1 0 0 4 3 1 1 0 
227 30 [ 224 225 226 ] 4 150 0 0 0 0 0 0 0 0 0 0 0 0 0 0 0 0 0 0 0 0 0 0 0 0 0 1 1 1 1 0 0 0 0 0 0 0 0 0 0 0 1 1 1 1 0 0 0 0 0 0 
228 60 [ ] 1 50 1 0 0 0 0 2 2 2 2 0 1 1 1 1 0 1 1 1 1 0 1 1 1 1 0 1 0 0 0 0 1 1 1 0 0 1 1 1 0 0 3 2 2 2 0 1 1 1 0 0 
229 60 [ 226 227 228 ] 4 150 1 1 1 0 0 1 1 1 1 0 1 1 1 1 0 0 0 0 0 0 2 0 0 0 0 1 1 0 0 0 1 1 1 0 0 1 1 1 1 0 1 1 1 1 0 0 0 0 0 0 
230 120 [ ] 1 150 0 0 0 0 0 1 1 1 0 0 0 0 0 0 0 0 0 0 0 0 0 0 0 0 0 1 1 1 0 0 4 3 1 0 0 0 0 0 0 0 0 0 0 0 0 0 0 0 0 0 
231 30 [ 229 230 ] 4 100 0 0 0 0 0 1 1 1 0 0 0 0 0 0 0 0 0 0 0 0 5 3 3 0 0 0 0 0 0 0 0 0 0 0 0 0 0 0 0 0 0 0 0 0 0 0 0 0 0 0 
232 120 [ 231 ] 4 50 0 0 0 0 0 0 0 0 0 0 2 2 1 1 0 1 1 1 0 0 0 0 0 0 0 0 0 0 0 0 1 1 1 1 0 1 1 1 0 0 1 1 1 0 0 5 3 2 0 0 
233 30 [ 232 ] 4 50 1 1 1 1 0 5 2 1 1 0 1 1 1 0 0 1 1 0 0 0 1 1 1 1 0 1 1 1 0 0 0 0 0 0 0 0 0 0 0 0 4 4 3 2 0 5 0 0 0 0 
234 120 [ ] 1 150 0 0 0 0 0 0 0 0 0 0 1 1 1 1 0 0 0 0 0 0 0 0 0 0 0 0 0 0 0 0 0 0 0 0 0 0 0 0 0 0 0 0 0 0 0 0 0 0 0 0 
235 120 [ 234 ] 1 150 0 0 0 0 0 0 0 0 0 0 1 1 1 1 0 0 0 0 0 0 0 0 0 0 0 0 0 0 0 0 0 0 0 0 0 0 0 0 0 0 0 0 0 0 0 0 0 0 0 0 
236 60 [ ] 1 60 1 1 1 1 0 0 0 0 0 0 0 0 0 0 0 0 0 0 0 0 0 0 0 0 0 1 1 1 0 0 0 0 0 0 0 0 0 0 0 0 0 0 0 0 0 1 1 1 1 0 
237 120 [ ] 1 50 0 0 0 0 0 0 0 0 0 0 0 0 0 0 0 0 0 0 0 0 1 0 0 0 0 1 1 1 1 0 0 0 0 0 0 0 0 0 0 0 1 1 1 0 0 0 0 0 0 0 
238 120 [ 237 ] 1 50 0 0 0 0 0 0 0 0 0 0 0 0 0 0 0 0 0 0 0 0 1 0 0 0 0 1 1 1 1 0 0 0 0 0 0 0 0 0 0 0 1 1 1 0 0 0 0 0 0 0 
239 120 [ 238 ] 1 50 0 0 0 0 0 0 0 0 0 0 0 0 0 0 0 0 0 0 0 0 1 0 0 0 0 1 1 1 1 0 0 0 0 0 0 0 0 0 0 0 1 1 1 0 0 0 0 0 0 0 
240 120 [ 237 238 239 ] 1 100 5 5 2 2 0 1 1 1 0 0 1 0 0 0 0 1 1 1 1 0 1 1 1 1 0 5 5 4 0 0 0 0 0 0 0 1 1 1 0 0 0 0 0 0 0 1 1 1 1 0 
241 60 [ 239 240 ] 1 30 0 0 0 0 0 0 0 0 0 0 1 0 0 0 0 0 0 0 0 0 5 2 1 0 0 1 1 1 1 0 0 0 0 0 0 0 0 0 0 0 0 0 0 0 0 0 0 0 0 0 
242 30 [ 239 240 241 ] 2 30 5 5 3 0 0 1 1 1 0 0 0 0 0 0 0 1 1 0 0 0 2 2 2 2 0 5 3 2 2 0 1 1 1 0 0 0 0 0 0 0 1 1 1 1 0 1 1 1 0 0 
243 60 [ ] 1 60 0 0 0 0 0 1 1 1 1 0 0 0 0 0 0 0 0 0 0 0 0 0 0 0 0 0 0 0 0 0 0 0 0 0 0 0 0 0 0 0 0 0 0 0 0 0 0 0 0 0 
244 30 [ ] 1 60 1 1 0 0 0 0 0 0 0 0 0 0 0 0 0 2 2 2 1 0 1 1 1 0 0 1 1 1 0 0 1 1 1 0 0 1 1 1 0 0 1 1 1 0 0 1 0 0 0 0 
245 30 [ ] 3 30 0 0 0 0 0 0 0 0 0 0 0 0 0 0 0 1 1 1 0 0 0 0 0 0 0 0 0 0 0 0 0 0 0 0 0 0 0 0 0 0 0 0 0 0 0 0 0 0 0 0 
246 120 [ 243 244 245 ] 3 50 0 0 0 0 0 0 0 0 0 0 0 0 0 0 0 0 0 0 0 0 5 4 2 2 0 0 0 0 0 0 0 0 0 0 0 1 1 1 1 0 0 0 0 0 0 0 0 0 0 0 
247 120 [ 246 ] 3 50 0 0 0 0 0 0 0 0 0 0 0 0 0 0 0 0 0 0 0 0 5 4 2 2 0 0 0 0 0 0 0 0 0 0 0 1 1 1 1 0 0 0 0 0 0 0 0 0 0 0 
248 30 [ ] 4 150 0 0 0 0 0 0 0 0 0 0 0 0 0 0 0 0 0 0 0 0 3 2 2 1 0 3 2 1 1 0 0 0 0 0 0 0 0 0 0 0 0 0 0 0 0 1 1 1 1 0 
249 60 [ 247 248 ] 4 150 1 1 1 1 0 1 1 1 0 0 1 1 1 1 0 0 0 0 0 0 0 0 0 0 0 0 0 0 0 0 0 0 0 0 0 0 0 0 0 0 1 1 1 0 0 0 0 0 0 0 
250 60 [ 247 248 249 ] 4 90 1 1 1 1 0 0 0 0 0 0 1 1 1 0 0 1 1 1 1 0 0 0 0 0 0 1 1 1 1 0 1 1 1 1 0 1 1 1 1 0 1 1 1 0 0 1 1 1 0 0 
251 60 [ ] 1 150 1 1 1 1 0 0 0 0 0 0 0 0 0 0 0 0 0 0 0 0 0 0 0 0 0 0 0 0 0 0 0 0 0 0 0 0 0 0 0 0 0 0 0 0 0 0 0 0 0 0 
252 120 [ 250 251 ] 4 50 0 0 0 0 0 0 0 0 0 0 0 0 0 0 0 0 0 0 0 0 1 1 1 0 0 0 0 0 0 0 0 0 0 0 0 5 3 0 0 0 0 0 0 0 0 0 0 0 0 0 
253 60 [ ] 1 30 1 1 1 0 0 0 0 0 0 0 0 0 0 0 0 4 3 2 0 0 0 0 0 0 0 1 1 1 0 0 1 1 1 1 0 1 1 1 0 0 1 1 1 1 0 0 0 0 0 0 
254 120 [ ] 2 50 1 1 1 0 0 2 2 1 1 0 3 2 1 1 0 5 5 3 0 0 1 1 1 1 0 3 2 2 0 0 1 1 1 0 0 5 4 4 2 0 2 2 0 0 0 5 4 0 0 0 
255 120 [ 254 ] 2 50 1 1 1 0 0 2 2 1 1 0 3 2 1 1 0 5 5 3 0 0 1 1 1 1 0 3 2 2 0 0 1 1 1 0 0 5 4 4 2 0 2 2 0 0 0 5 4 0 0 0 
256 120 [ 255 ] 2 50 1 1 1 0 0 2 2 1 1 0 3 2 1 1 0 5 5 3 0 0 1 1 1 1 0 3 2 2 0 0 1 1 1 0 0 5 4 4 2 0 2 2 0 0 0 5 4 0 0 0 
257 60 [ 254 255 256 ] 2 50 0 0 0 0 0 1 1 1 0 0 0 0 0 0 0 0 0 0 0 0 0 0 0 0 0 1 1 1 1 0 3 3 2 0 0 0 0 0 0 0 0 0 0 0 0 0 0 0 0 0 
258 30 [ ] 1 100 0 0 0 0 0 1 0 0 0 0 1 1 1 0 0 0 0 0 0 0 1 1 1 1 0 0 0 0 0 0 0 0 0 0 0 0 0 0 0 0 1 1 1 1 0 1 1 1 0 0 
259 60 [ 257 258 ] 4 150 1 0 0 0 0 1 1 1 0 0 1 1 1 1 0 1 1 1 1 0 1 1 1 0 0 1 1 1 0 0 1 1 1 0 0 1 1 1 1 0 3 2 2 0 0 1 1 1 0 0 
260 60 [ ] 1 30 0 0 0 0 0 0 0 0 0 0 0 0 0 0 0 0 0 0 0 0 0 0 0 0 0 0 0 0 0 0 1 1 0 0 0 0 0 0 0 0 0 0 0 0 0 0 0 0 0 0 
261 60 [ ] 1 60 1 1 1 0 0 1 0 0 0 0 0 0 0 0 0 0 0 0 0 0 1 1 1 1 0 0 0 0 0 0 1 1 1 1 0 1 1 1 1 0 1 1 1 1 0 1 1 1 1 0 
262 60 [ ] 1 150 1 1 0 0 0 0 0 0 0 0 0 0 0 0 0 1 1 1 1 0 0 0 0 0 0 0 0 0 0 0 0 0 0 0 0 0 0 0 0 0 1 1 0 0 0 0 0 0 0 0 
263 60 [ ] 4 100 0 0 0 0 0 1 1 1 1 0 0 0 0 0 0 1 0 0 0 0 1 1 1 1 0 1 1 0 0 0 1 1 1 0 0 4 3 2 0 0 1 1 0 0 0 1 1 1 0 0 
264 60 [ ] 1 150 1 1 1 0 0 1 1 1 0 0 5 2 0 0 0 1 1 1 0 0 1 1 1 1 0 1 0 0 0 0 1 1 0 0 0 1 0 0 0 0 1 1 1 0 0 0 0 0 0 0 
265 60 [ ] 1 100 1 1 1 0 0 0 0 0 0 0 0 0 0 0 0 0 0 0 0 0 0 0 0 0 0 0 0 0 0 0 0 0 0 0 0 1 1 1 0 0 0 0 0 0 0 3 2 2 0 0 
266 60 [ ] 2 50 0 0 0 0 0 0 0 0 0 0 0 0 0 0 0 0 0 0 0 0 0 0 0 0 0 0 0 0 0 0 1 1 0 0 0 0 0 0 0 0 0 0 0 0 0 0 0 0 0 0 
267 60 [ ] 1 60 3 3 1 0 0 0 0 0 0 0 0 0 0 0 0 1 1 1 0 0 0 0 0 0 0 0 0 0 0 0 1 1 0 0 0 0 0 0 0 0 0 0 0 0 0 0 0 0 0 0 
268 120 [ ] 3 50 0 0 0 0 0 0 0 0 0 0 0 0 0 0 0 0 0 0 0 0 0 0 0 0 0 0 0 0 0 0 3 3 1 1 0 0 0 0 0 0 0 0 0 0 0 0 0 0 0 0 
269 120 [ ] 4 100 0 0 0 0 0 0 0 0 0 0 0 0 0 0 0 0 0 0 0 0 0 0 0 0 0 0 0 0 0 0 0 0 0 0 0 0 0 0 0 0 0 0 0 0 0 1 1 1 1 0 
270 120 [ 269 ] 4 100 0 0 0 0 0 0 0 0 0 0 0 0 0 0 0 0 0 0 0 0 0 0 0 0 0 0 0 0 0 0 0 0 0 0 0 0 0 0 0 0 0 0 0 0 0 1 1 1 1 0 
271 120 [ 270 ] 4 100 0 0 0 0 0 0 0 0 0 0 0 0 0 0 0 0 0 0 0 0 0 0 0 0 0 0 0 0 0 0 0 0 0 0 0 0 0 0 0 0 0 0 0 0 0 1 1 1 1 0 
272 30 [ ] 3 150 0 0 0 0 0 0 0 0 0 0 1 1 0 0 0 1 1 0 0 0 0 0 0 0 0 0 0 0 0 0 0 0 0 0 0 0 0 0 0 0 1 0 0 0 0 5 5 0 0 0 
273 60 [ ] 1 60 0 0 0 0 0 0 0 0 0 0 0 0 0 0 0 0 0 0 0 0 0 0 0 0 0 0 0 0 0 0 0 0 0 0 0 0 0 0 0 0 1 1 1 0 0 0 0 0 0 0 
274 60 [ 272 273 ] 3 50 1 1 1 0 0 2 2 2 0 0 5 4 3 0 0 3 2 2 2 0 5 4 2 1 0 1 0 0 0 0 1 1 1 1 0 5 2 0 0 0 1 1 1 0 0 1 0 0 0 0 
275 60 [ 274 ] 4 90 0 0 0 0 0 2 2 2 0 0 0 0 0 0 0 0 0 0 0 0 0 0 0 0 0 1 1 1 0 0 0 0 0 0 0 0 0 0 0 0 0 0 0 0 0 0 0 0 0 0 
276 60 [ ] 4 100 1 1 1 0 0 1 1 1 1 0 1 0 0 0 0 1 1 1 0 0 1 1 1 1 0 5 3 3 0 0 1 1 1 1 0 5 5 4 0 0 1 1 1 1 0 1 1 1 0 0 
277 120 [ 276 ] 4 30 1 1 1 1 0 1 1 1 1 0 1 1 1 1 0 0 0 0 0 0 0 0 0 0 0 1 1 1 0 0 3 2 0 0 0 3 2 2 1 0 1 1 1 1 0 0 0 0 0 0 
278 120 [ 277 ] 4 30 1 1 1 1 0 1 1 1 1 0 1 1 1 1 0 0 0 0 0 0 0 0 0 0 0 1 1 1 0 0 3 2 0 0 0 3 2 2 1 0 1 1 1 1 0 0 0 0 0 0 
279 120 [ 277 278 ] 4 50 0 0 0 0 0 0 0 0 0 0 0 0 0 0 0 0 0 0 0 0 1 1 0 0 0 0 0 0 0 0 1 1 1 1 0 0 0 0 0 0 1 1 1 1 0 1 1 1 1 0 
280 60 [ 277 278 279 ] 4 60 1 1 1 0 0 1 0 0 0 0 1 1 1 0 0 4 4 3 2 0 0 0 0 0 0 0 0 0 0 0 1 1 1 1 0 3 2 1 0 0 1 1 1 1 0 1 1 1 1 0 
281 30 [ ] 3 30 1 1 1 1 0 0 0 0 0 0 2 1 1 0 0 0 0 0 0 0 2 1 1 1 0 1 1 1 1 0 1 1 1 1 0 1 1 1 1 0 2 2 2 1 0 1 1 1 1 0 
282 60 [ 280 281 ] 4 150 0 0 0 0 0 0 0 0 0 0 0 0 0 0 0 1 1 1 0 0 0 0 0 0 0 1 1 1 0 0 0 0 0 0 0 0 0 0 0 0 0 0 0 0 0 0 0 0 0 0 
283 120 [ 280 281 282 ] 4 100 0 0 0 0 0 0 0 0 0 0 0 0 0 0 0 0 0 0 0 0 0 0 0 0 0 1 1 0 0 0 0 0 0 0 0 0 0 0 0 0 0 0 0 0 0 0 0 0 0 0 
284 60 [ 283 ] 4 90 0 0 0 0 0 0 0 0 0 0 1 1 1 1 0 0 0 0 0 0 1 1 1 1 0 0 0 0 0 0 0 0 0 0 0 1 1 1 0 0 1 1 1 1 0 0 0 0 0 0 
285 60 [ ] 1 50 0 0 0 0 0 0 0 0 0 0 0 0 0 0 0 0 0 0 0 0 0 0 0 0 0 1 1 1 0 0 0 0 0 0 0 1 1 1 1 0 1 1 1 0 0 1 1 1 0 0 
286 60 [ ] 1 100 1 1 1 1 0 1 1 1 1 0 5 4 4 3 0 1 1 1 1 0 1 1 1 0 0 1 1 1 0 0 1 1 1 1 0 1 1 1 0 0 4 0 0 0 0 1 0 0 0 0 
287 60 [ ] 1 20 1 1 1 1 0 1 1 1 0 0 1 1 0 0 0 1 1 1 1 0 4 3 2 0 0 1 1 1 1 0 1 1 1 1 0 1 1 1 1 0 5 3 3 0 0 1 1 1 0 0 
288 60 [ ] 2 60 1 1 1 0 0 1 1 1 1 0 1 1 0 0 0 5 3 3 0 0 0 0 0 0 0 1 1 1 0 0 1 1 0 0 0 0 0 0 0 0 1 1 1 1 0 1 1 1 0 0 
289 60 [ ] 3 60 1 1 1 1 0 0 0 0 0 0 0 0 0 0 0 0 0 0 0 0 0 0 0 0 0 0 0 0 0 0 0 0 0 0 0 0 0 0 0 0 0 0 0 0 0 0 0 0 0 0 
290 60 [ ] 1 100 0 0 0 0 0 1 1 1 0 0 1 1 1 0 0 1 1 1 0 0 1 1 1 1 0 1 1 1 0 0 0 0 0 0 0 1 1 1 1 0 0 0 0 0 0 1 1 1 1 0 
291 60 [ ] 2 90 3 3 2 1 0 0 0 0 0 0 0 0 0 0 0 1 1 1 0 0 0 0 0 0 0 3 3 0 0 0 0 0 0 0 0 1 1 1 0 0 1 1 0 0 0 1 1 1 0 0 
292 60 [ 291 ] 2 50 0 0 0 0 0 0 0 0 0 0 0 0 0 0 0 0 0 0 0 0 1 1 1 0 0 0 0 0 0 0 0 0 0 0 0 0 0 0 0 0 1 1 1 1 0 0 0 0 0 0 
293 60 [ ] 2 50 0 0 0 0 0 0 0 0 0 0 1 1 1 0 0 0 0 0 0 0 0 0 0 0 0 0 0 0 0 0 0 0 0 0 0 0 0 0 0 0 0 0 0 0 0 0 0 0 0 0 
294 60 [ ] 3 50 1 1 1 1 0 0 0 0 0 0 0 0 0 0 0 2 2 2 2 0 0 0 0 0 0 5 3 0 0 0 0 0 0 0 0 0 0 0 0 0 0 0 0 0 0 0 0 0 0 0 
295 120 [ ] 4 60 3 0 0 0 0 1 1 1 0 0 0 0 0 0 0 1 1 1 0 0 1 1 1 0 0 0 0 0 0 0 1 1 1 1 0 4 2 1 0 0 0 0 0 0 0 1 0 0 0 0 
296 120 [ 293 294 295 ] 4 100 1 1 1 1 0 4 4 2 2 0 0 0 0 0 0 1 1 0 0 0 2 2 2 0 0 1 0 0 0 0 1 1 1 0 0 1 1 1 0 0 4 3 3 2 0 1 1 1 0 0 
297 120 [ ] 2 90 4 1 1 0 0 0 0 0 0 0 1 1 0 0 0 1 1 0 0 0 1 1 1 1 0 1 1 0 0 0 1 0 0 0 0 0 0 0 0 0 1 1 1 0 0 0 0 0 0 0 
298 120 [ 297 ] 2 90 4 1 1 0 0 0 0 0 0 0 1 1 0 0 0 1 1 0 0 0 1 1 1 1 0 1 1 0 0 0 1 0 0 0 0 0 0 0 0 0 1 1 1 0 0 0 0 0 0 0 
299 60 [ 298 ] 2 50 0 0 0 0 0 0 0 0 0 0 0 0 0 0 0 0 0 0 0 0 0 0 0 0 0 2 2 1 0 0 0 0 0 0 0 0 0 0 0 0 0 0 0 0 0 0 0 0 0 0 
300 60 [ 298 299 ] 3 150 4 4 3 0 0 0 0 0 0 0 0 0 0 0 0 0 0 0 0 0 0 0 0 0 0 0 0 0 0 0 0 0 0 0 0 0 0 0 0 0 0 0 0 0 0 0 0 0 0 0 
301 60 [ ] 1 90 1 0 0 0 0 1 1 1 1 0 0 0 0 0 0 1 1 1 1 0 1 1 1 0 0 1 1 0 0 0 0 0 0 0 0 0 0 0 0 0 1 1 1 1 0 0 0 0 0 0 
302 60 [ ] 2 60 0 0 0 0 0 0 0 0 0 0 0 0 0 0 0 1 1 1 1 0 0 0 0 0 0 1 1 1 0 0 0 0 0 0 0 1 1 1 1 0 0 0 0 0 0 0 0 0 0 0 
303 60 [ ] 2 30 0 0 0 0 0 0 0 0 0 0 0 0 0 0 0 1 1 1 1 0 0 0 0 0 0 0 0 0 0 0 0 0 0 0 0 0 0 0 0 0 0 0 0 0 0 0 0 0 0 0 
304 30 [ ] 1 50 0 0 0 0 0 0 0 0 0 0 0 0 0 0 0 0 0 0 0 0 0 0 0 0 0 0 0 0 0 0 1 0 0 0 0 0 0 0 0 0 0 0 0 0 0 0 0 0 0 0 
305 120 [ 302 303 304 ] 3 150 1 1 1 0 0 1 1 1 1 0 0 0 0 0 0 1 1 1 0 0 1 1 0 0 0 5 5 4 3 0 1 1 1 0 0 1 1 1 1 0 1 1 1 0 0 4 0 0 0 0 
306 120 [ 305 ] 3 150 1 1 1 0 0 1 1 1 1 0 0 0 0 0 0 1 1 1 0 0 1 1 0 0 0 5 5 4 3 0 1 1 1 0 0 1 1 1 1 0 1 1 1 0 0 4 0 0 0 0 
307 120 [ 306 ] 3 150 1 1 1 0 0 1 1 1 1 0 0 0 0 0 0 1 1 1 0 0 1 1 0 0 0 5 5 4 3 0 1 1 1 0 0 1 1 1 1 0 1 1 1 0 0 4 0 0 0 0 
308 60 [ ] 1 90 0 0 0 0 0 0 0 0 0 0 1 1 1 0 0 0 0 0 0 0 0 0 0 0 0 0 0 0 0 0 0 0 0 0 0 0 0 0 0 0 0 0 0 0 0 0 0 0 0 0 
309 30 [ ] 1 150 0 0 0 0 0 0 0 0 0 0 0 0 0 0 0 0 0 0 0 0 1 1 1 1 0 0 0 0 0 0 1 1 1 1 0 0 0 0 0 0 0 0 0 0 0 0 0 0 0 0 
310 120 [ 308 309 ] 1 50 0 0 0 0 0 0 0 0 0 0 0 0 0 0 0 0 0 0 0 0 0 0 0 0 0 1 1 1 0 0 1 1 1 0 0 0 0 0 0 0 0 0 0 0 0 0 0 0 0 0 
311 120 [ 310 ] 1 50 0 0 0 0 0 0 0 0 0 0 0 0 0 0 0 0 0 0 0 0 0 0 0 0 0 1 1 1 0 0 1 1 1 0 0 0 0 0 0 0 0 0 0 0 0 0 0 0 0 0 
312 60 [ 309 310 311 ] 4 60 0 0 0 0 0 1 1 1 1 0 0 0 0 0 0 0 0 0 0 0 0 0 0 0 0 0 0 0 0 0 0 0 0 0 0 0 0 0 0 0 2 2 2 0 0 0 0 0 0 0 
313 60 [ 310 311 312 ] 4 150 2 2 2 2 0 1 1 1 0 0 1 1 1 1 0 1 1 1 0 0 0 0 0 0 0 1 1 1 1 0 1 1 1 1 0 1 1 1 0 0 1 0 0 0 0 1 1 0 0 0 
314 30 [ 311 312 313 ] 4 50 0 0 0 0 0 0 0 0 0 0 0 0 0 0 0 0 0 0 0 0 2 2 2 1 0 0 0 0 0 0 0 0 0 0 0 0 0 0 0 0 0 0 0 0 0 0 0 0 0 0 
315 120 [ 314 ] 4 60 2 1 1 1 0 0 0 0 0 0 1 1 1 0 0 0 0 0 0 0 5 5 2 0 0 4 2 0 0 0 1 1 1 0 0 1 1 1 0 0 1 1 1 0 0 0 0 0 0 0 
316 120 [ ] 1 50 1 1 1 0 0 0 0 0 0 0 1 1 1 0 0 1 1 1 1 0 1 1 1 0 0 1 1 1 0 0 1 1 1 1 0 1 1 1 0 0 1 1 1 0 0 1 1 1 0 0 
317 120 [ ] 1 60 1 1 1 0 0 1 1 1 1 0 0 0 0 0 0 0 0 0 0 0 1 1 1 0 0 1 1 1 0 0 1 1 1 0 0 3 3 2 0 0 1 1 1 0 0 1 1 1 1 0 
318 30 [ ] 2 30 4 3 1 0 0 1 1 1 1 0 1 1 1 0 0 1 1 1 1 0 1 1 1 0 0 0 0 0 0 0 1 1 1 1 0 1 1 1 0 0 1 0 0 0 0 1 1 1 0 0 
319 60 [ ] 2 60 1 1 1 1 0 5 3 3 2 0 1 1 1 1 0 1 1 1 0 0 3 3 2 0 0 1 1 0 0 0 4 3 2 0 0 1 1 1 1 0 0 0 0 0 0 1 1 0 0 0 
320 120 [ ] 2 30 1 0 0 0 0 3 0 0 0 0 5 0 0 0 0 1 1 1 1 0 1 1 1 1 0 1 1 1 1 0 1 1 1 0 0 2 0 0 0 0 1 1 1 0 0 1 1 1 0 0 
321 120 [ 320 ] 2 30 1 0 0 0 0 3 0 0 0 0 5 0 0 0 0 1 1 1 1 0 1 1 1 1 0 1 1 1 1 0 1 1 1 0 0 2 0 0 0 0 1 1 1 0 0 1 1 1 0 0 
322 30 [ ] 3 100 0 0 0 0 0 0 0 0 0 0 0 0 0 0 0 0 0 0 0 0 0 0 0 0 0 0 0 0 0 0 1 0 0 0 0 0 0 0 0 0 1 1 0 0 0 1 1 0 0 0 
323 60 [ ] 4 30 0 0 0 0 0 0 0 0 0 0 0 0 0 0 0 0 0 0 0 0 1 1 1 0 0 0 0 0 0 0 0 0 0 0 0 0 0 0 0 0 0 0 0 0 0 0 0 0 0 0 
324 60 [ 321 322 323 ] 4 150 4 3 3 0 0 0 0 0 0 0 0 0 0 0 0 0 0 0 0 0 0 0 0 0 0 0 0 0 0 0 0 0 0 0 0 0 0 0 0 0 0 0 0 0 0 1 0 0 0 0 
325 30 [ ] 3 90 5 5 3 2 0 3 3 1 1 0 2 1 1 1 0 0 0 0 0 0 0 0 0 0 0 0 0 0 0 0 1 1 0 0 0 1 1 0 0 0 1 1 1 1 0 1 1 1 0 0 
326 60 [ ] 4 50 1 0 0 0 0 1 1 1 0 0 1 1 1 1 0 1 1 1 0 0 1 0 0 0 0 1 0 0 0 0 0 0 0 0 0 1 1 1 1 0 0 0 0 0 0 1 1 1 0 0 
327 60 [ ] 2 50 1 1 1 0 0 0 0 0 0 0 0 0 0 0 0 0 0 0 0 0 4 3 3 2 0 0 0 0 0 0 0 0 0 0 0 0 0 0 0 0 0 0 0 0 0 0 0 0 0 0 
328 120 [ 325 326 327 ] 4 90 0 0 0 0 0 1 1 1 0 0 4 4 2 0 0 5 4 3 0 0 0 0 0 0 0 0 0 0 0 0 0 0 0 0 0 0 0 0 0 0 0 0 0 0 0 1 1 1 0 0 
329 120 [ 328 ] 4 90 0 0 0 0 0 1 1 1 0 0 4 4 2 0 0 5 4 3 0 0 0 0 0 0 0 0 0 0 0 0 0 0 0 0 0 0 0 0 0 0 0 0 0 0 0 1 1 1 0 0 
330 60 [ 329 ] 4 40 1 1 1 1 0 1 0 0 0 0 1 1 1 0 0 4 4 1 0 0 1 1 1 1 0 1 1 1 0 0 2 2 2 0 0 5 4 0 0 0 0 0 0 0 0 4 2 2 0 0 
331 120 [ ] 1 50 1 1 1 0 0 1 1 1 1 0 1 1 1 0 0 4 3 3 0 0 1 1 1 1 0 2 1 1 1 0 1 1 1 0 0 3 2 1 1 0 1 1 1 1 0 1 1 1 0 0 
332 30 [ 330 331 ] 4 150 1 1 0 0 0 0 0 0 0 0 0 0 0 0 0 0 0 0 0 0 0 0 0 0 0 0 0 0 0 0 0 0 0 0 0 0 0 0 0 0 0 0 0 0 0 0 0 0 0 0 
333 60 [ 330 331 332 ] 4 100 0 0 0 0 0 1 1 0 0 0 0 0 0 0 0 1 1 1 1 0 0 0 0 0 0 0 0 0 0 0 0 0 0 0 0 1 1 1 1 0 0 0 0 0 0 1 1 1 1 0 
334 60 [ ] 1 50 5 4 2 0 0 5 4 3 2 0 1 1 1 1 0 1 1 0 0 0 0 0 0 0 0 1 1 1 0 0 0 0 0 0 0 1 1 1 1 0 1 1 1 0 0 1 1 1 0 0 
335 30 [ 332 333 334 ] 4 150 1 1 1 1 0 1 1 1 0 0 3 2 1 1 0 1 1 1 1 0 1 1 1 1 0 1 1 1 1 0 1 0 0 0 0 0 0 0 0 0 0 0 0 0 0 1 1 1 0 0 
336 30 [ 335 ] 4 30 0 0 0 0 0 1 1 1 1 0 0 0 0 0 0 0 0 0 0 0 0 0 0 0 0 0 0 0 0 0 1 1 1 0 0 0 0 0 0 0 0 0 0 0 0 0 0 0 0 0 
337 60 [ ] 1 30 0 0 0 0 0 0 0 0 0 0 0 0 0 0 0 1 1 1 0 0 1 1 1 0 0 1 1 1 0 0 0 0 0 0 0 1 1 1 0 0 0 0 0 0 0 0 0 0 0 0 
338 60 [ ] 2 100 1 1 1 0 0 0 0 0 0 0 0 0 0 0 0 0 0 0 0 0 0 0 0 0 0 3 2 1 0 0 3 3 1 1 0 1 1 1 0 0 0 0 0 0 0 1 1 1 1 0 
339 60 [ ] 1 90 0 0 0 0 0 0 0 0 0 0 0 0 0 0 0 0 0 0 0 0 1 1 1 0 0 0 0 0 0 0 1 1 1 1 0 0 0 0 0 0 5 5 3 1 0 0 0 0 0 0 
340 60 [ ] 2 40 1 1 1 0 0 0 0 0 0 0 0 0 0 0 0 2 2 2 2 0 0 0 0 0 0 0 0 0 0 0 0 0 0 0 0 0 0 0 0 0 0 0 0 0 0 0 0 0 0 0 
341 60 [ ] 1 30 0 0 0 0 0 0 0 0 0 0 0 0 0 0 0 1 0 0 0 0 0 0 0 0 0 0 0 0 0 0 0 0 0 0 0 0 0 0 0 0 0 0 0 0 0 0 0 0 0 0 
342 60 [ ] 4 30 0 0 0 0 0 0 0 0 0 0 0 0 0 0 0 0 0 0 0 0 1 0 0 0 0 0 0 0 0 0 0 0 0 0 0 0 0 0 0 0 0 0 0 0 0 0 0 0 0 0 
343 30 [ ] 3 60 1 1 1 0 0 0 0 0 0 0 0 0 0 0 0 5 4 4 3 0 1 1 1 0 0 0 0 0 0 0 0 0 0 0 0 0 0 0 0 0 0 0 0 0 0 2 2 2 1 0 
344 30 [ 341 342 343 ] 4 90 0 0 0 0 0 0 0 0 0 0 0 0 0 0 0 1 1 1 0 0 0 0 0 0 0 0 0 0 0 0 0 0 0 0 0 1 1 1 1 0 2 1 1 0 0 1 1 1 1 0 
345 60 [ 344 ] 4 50 0 0 0 0 0 0 0 0 0 0 0 0 0 0 0 2 0 0 0 0 0 0 0 0 0 4 2 1 0 0 0 0 0 0 0 0 0 0 0 0 0 0 0 0 0 0 0 0 0 0 
346 60 [ 345 ] 4 30 0 0 0 0 0 0 0 0 0 0 1 0 0 0 0 1 1 1 1 0 1 1 1 1 0 0 0 0 0 0 0 0 0 0 0 0 0 0 0 0 0 0 0 0 0 0 0 0 0 0 
347 60 [ ] 1 40 1 1 1 0 0 1 0 0 0 0 0 0 0 0 0 0 0 0 0 0 1 1 1 0 0 0 0 0 0 0 1 1 1 1 0 1 1 1 1 0 1 1 1 0 0 1 1 1 1 0 
348 60 [ ] 1 150 0 0 0 0 0 0 0 0 0 0 0 0 0 0 0 0 0 0 0 0 2 1 1 1 0 0 0 0 0 0 0 0 0 0 0 0 0 0 0 0 0 0 0 0 0 0 0 0 0 0 
349 60 [ 348 ] 4 150 0 0 0 0 0 0 0 0 0 0 0 0 0 0 0 0 0 0 0 0 0 0 0 0 0 0 0 0 0 0 2 0 0 0 0 0 0 0 0 0 0 0 0 0 0 3 3 2 2 0 
350 60 [ 347 348 349 ] 4 60 0 0 0 0 0 0 0 0 0 0 0 0 0 0 0 1 1 1 1 0 1 1 0 0 0 1 1 1 1 0 1 1 1 1 0 1 1 1 0 0 0 0 0 0 0 0 0 0 0 0 
351 30 [ ] 1 150 0 0 0 0 0 0 0 0 0 0 0 0 0 0 0 1 1 1 1 0 1 1 1 0 0 1 0 0 0 0 1 1 0 0 0 0 0 0 0 0 1 1 1 1 0 0 0 0 0 0 
352 60 [ 349 350 351 ] 4 90 0 0 0 0 0 0 0 0 0 0 0 0 0 0 0 0 0 0 0 0 0 0 0 0 0 0 0 0 0 0 0 0 0 0 0 0 0 0 0 0 0 0 0 0 0 1 1 1 0 0 
353 60 [ ] 3 100 0 0 0 0 0 0 0 0 0 0 1 1 1 0 0 1 1 1 1 0 0 0 0 0 0 1 0 0 0 0 1 1 1 0 0 0 0 0 0 0 0 0 0 0 0 1 0 0 0 0 
354 60 [ ] 3 50 2 2 1 0 0 1 1 1 1 0 4 4 3 0 0 1 0 0 0 0 1 1 0 0 0 4 4 2 0 0 3 0 0 0 0 3 3 2 2 0 1 0 0 0 0 5 4 3 2 0 
355 30 [ ] 1 100 1 1 1 0 0 0 0 0 0 0 1 1 1 1 0 0 0 0 0 0 0 0 0 0 0 0 0 0 0 0 0 0 0 0 0 1 1 1 1 0 0 0 0 0 0 0 0 0 0 0 
356 60 [ ] 3 90 1 0 0 0 0 1 1 1 1 0 1 1 1 1 0 5 4 2 0 0 1 1 1 0 0 1 1 1 0 0 1 1 1 1 0 1 1 1 0 0 1 1 1 1 0 1 1 1 1 0 
357 30 [ 355 356 ] 4 150 0 0 0 0 0 0 0 0 0 0 0 0 0 0 0 4 2 0 0 0 0 0 0 0 0 0 0 0 0 0 1 1 1 0 0 0 0 0 0 0 0 0 0 0 0 0 0 0 0 0 
358 120 [ 355 356 357 ] 4 90 1 1 1 0 0 0 0 0 0 0 1 1 0 0 0 1 1 1 0 0 1 1 1 1 0 1 0 0 0 0 5 0 0 0 0 1 1 1 0 0 3 2 2 1 0 2 2 1 0 0 
359 120 [ 358 ] 4 90 1 1 1 0 0 0 0 0 0 0 1 1 0 0 0 1 1 1 0 0 1 1 1 1 0 1 0 0 0 0 5 0 0 0 0 1 1 1 0 0 3 2 2 1 0 2 2 1 0 0 
360 120 [ 359 ] 4 90 1 1 1 0 0 0 0 0 0 0 1 1 0 0 0 1 1 1 0 0 1 1 1 1 0 1 0 0 0 0 5 0 0 0 0 1 1 1 0 0 3 2 2 1 0 2 2 1 0 0 
361 60 [ ] 2 60 0 0 0 0 0 0 0 0 0 0 0 0 0 0 0 0 0 0 0 0 1 1 1 1 0 0 0 0 0 0 0 0 0 0 0 1 1 1 1 0 0 0 0 0 0 0 0 0 0 0 
362 60 [ 359 360 361 ] 4 150 0 0 0 0 0 0 0 0 0 0 0 0 0 0 0 0 0 0 0 0 0 0 0 0 0 1 1 1 0 0 0 0 0 0 0 0 0 0 0 0 0 0 0 0 0 0 0 0 0 0 
363 60 [ 361 362 ] 4 50 0 0 0 0 0 1 1 1 1 0 0 0 0 0 0 3 2 1 0 0 4 0 0 0 0 0 0 0 0 0 0 0 0 0 0 1 1 1 1 0 0 0 0 0 0 0 0 0 0 0 
364 120 [ 362 363 ] 4 150 0 0 0 0 0 0 0 0 0 0 1 1 1 0 0 1 1 1 1 0 1 1 1 1 0 0 0 0 0 0 0 0 0 0 0 0 0 0 0 0 1 1 1 1 0 0 0 0 0 0 
365 120 [ 364 ] 4 150 0 0 0 0 0 0 0 0 0 0 1 1 1 0 0 1 1 1 1 0 1 1 1 1 0 0 0 0 0 0 0 0 0 0 0 0 0 0 0 0 1 1 1 1 0 0 0 0 0 0 
366 60 [ 364 365 ] 4 150 1 1 1 1 0 2 1 0 0 0 0 0 0 0 0 1 1 1 0 0 0 0 0 0 0 1 1 1 1 0 1 1 0 0 0 0 0 0 0 0 1 1 1 1 0 2 2 2 1 0 
367 60 [ 364 365 366 ] 4 50 1 1 1 1 0 0 0 0 0 0 0 0 0 0 0 1 1 1 0 0 1 1 1 0 0 0 0 0 0 0 0 0 0 0 0 1 1 0 0 0 5 2 0 0 0 0 0 0 0 0 
368 30 [ ] 1 50 0 0 0 0 0 0 0 0 0 0 1 1 1 0 0 4 3 3 2 0 0 0 0 0 0 0 0 0 0 0 0 0 0 0 0 0 0 0 0 0 0 0 0 0 0 0 0 0 0 0 
369 60 [ ] 1 50 1 1 1 1 0 1 1 1 1 0 0 0 0 0 0 1 1 1 1 0 2 2 2 0 0 1 1 1 0 0 1 1 1 0 0 0 0 0 0 0 1 1 1 1 0 4 3 2 2 0 
370 60 [ 367 368 369 ] 4 150 3 1 1 0 0 4 4 3 1 0 1 1 1 0 0 1 1 0 0 0 0 0 0 0 0 1 1 1 1 0 1 1 0 0 0 0 0 0 0 0 1 1 1 1 0 1 1 1 1 0 
371 30 [ ] 1 50 1 1 1 0 0 2 2 2 0 0 1 1 1 0 0 1 1 1 0 0 1 1 1 0 0 3 2 1 0 0 1 1 1 0 0 4 4 2 1 0 0 0 0 0 0 1 1 1 1 0 
372 120 [ 371 ] 1 100 0 0 0 0 0 0 0 0 0 0 0 0 0 0 0 5 3 3 0 0 0 0 0 0 0 0 0 0 0 0 0 0 0 0 0 0 0 0 0 0 1 1 1 1 0 1 1 0 0 0 
373 60 [ 371 372 ] 1 100 1 1 1 1 0 1 1 1 0 0 0 0 0 0 0 0 0 0 0 0 0 0 0 0 0 0 0 0 0 0 0 0 0 0 0 0 0 0 0 0 0 0 0 0 0 0 0 0 0 0 
374 60 [ ] 1 30 1 1 1 1 0 4 2 2 0 0 1 1 1 1 0 0 0 0 0 0 0 0 0 0 0 0 0 0 0 0 0 0 0 0 0 0 0 0 0 0 0 0 0 0 0 4 4 2 1 0 
375 60 [ ] 1 30 0 0 0 0 0 0 0 0 0 0 1 1 1 1 0 2 2 2 1 0 1 1 1 0 0 1 0 0 0 0 5 0 0 0 0 0 0 0 0 0 0 0 0 0 0 4 4 2 1 0 
376 30 [ 375 ] 1 150 1 1 0 0 0 2 0 0 0 0 1 1 1 1 0 0 0 0 0 0 0 0 0 0 0 0 0 0 0 0 0 0 0 0 0 1 0 0 0 0 0 0 0 0 0 0 0 0 0 0 
377 60 [ 375 376 ] 2 100 0 0 0 0 0 0 0 0 0 0 1 1 1 1 0 0 0 0 0 0 1 1 1 0 0 1 0 0 0 0 0 0 0 0 0 0 0 0 0 0 0 0 0 0 0 1 1 1 0 0 
378 30 [ ] 3 100 0 0 0 0 0 0 0 0 0 0 0 0 0 0 0 0 0 0 0 0 0 0 0 0 0 0 0 0 0 0 0 0 0 0 0 2 0 0 0 0 0 0 0 0 0 0 0 0 0 0 
379 120 [ 377 378 ] 4 150 1 1 1 0 0 0 0 0 0 0 0 0 0 0 0 1 1 1 0 0 5 0 0 0 0 1 1 1 1 0 4 1 1 0 0 0 0 0 0 0 0 0 0 0 0 1 1 1 1 0 
380 60 [ ] 1 100 0 0 0 0 0 0 0 0 0 0 5 3 2 1 0 1 1 1 0 0 0 0 0 0 0 1 1 1 1 0 0 0 0 0 0 1 1 1 1 0 0 0 0 0 0 0 0 0 0 0 
381 60 [ ] 1 100 0 0 0 0 0 0 0 0 0 0 0 0 0 0 0 0 0 0 0 0 0 0 0 0 0 0 0 0 0 0 1 1 1 1 0 0 0 0 0 0 1 1 1 0 0 0 0 0 0 0 
382 120 [ ] 2 30 1 1 1 1 0 1 1 1 1 0 1 0 0 0 0 0 0 0 0 0 0 0 0 0 0 1 1 1 1 0 0 0 0 0 0 4 3 2 0 0 1 1 1 0 0 0 0 0 0 0 
383 120 [ 382 ] 2 30 1 1 1 1 0 1 1 1 1 0 1 0 0 0 0 0 0 0 0 0 0 0 0 0 0 1 1 1 1 0 0 0 0 0 0 4 3 2 0 0 1 1 1 0 0 0 0 0 0 0 
384 120 [ 383 ] 2 30 1 1 1 1 0 1 1 1 1 0 1 0 0 0 0 0 0 0 0 0 0 0 0 0 0 1 1 1 1 0 0 0 0 0 0 4 3 2 0 0 1 1 1 0 0 0 0 0 0 0 
385 30 [ ] 3 30 3 3 3 2 0 1 1 1 1 0 1 1 0 0 0 0 0 0 0 0 1 0 0 0 0 1 1 1 0 0 1 1 1 1 0 1 1 1 1 0 0 0 0 0 0 5 4 3 2 0 
386 60 [ ] 4 150 0 0 0 0 0 0 0 0 0 0 5 3 0 0 0 0 0 0 0 0 0 0 0 0 0 0 0 0 0 0 0 0 0 0 0 0 0 0 0 0 0 0 0 0 0 0 0 0 0 0 
387 60 [ ] 1 150 4 3 2 0 0 1 1 1 1 0 1 1 1 0 0 1 1 1 0 0 1 1 1 0 0 1 1 1 0 0 0 0 0 0 0 1 1 1 1 0 1 1 1 1 0 1 1 1 1 0 
388 30 [ ] 1 30 0 0 0 0 0 0 0 0 0 0 1 1 1 1 0 0 0 0 0 0 4 3 1 0 0 0 0 0 0 0 0 0 0 0 0 0 0 0 0 0 5 3 3 2 0 1 1 1 1 0 
389 30 [ ] 1 50 1 1 1 0 0 3 0 0 0 0 1 1 0 0 0 1 1 0 0 0 1 1 0 0 0 1 1 1 0 0 1 1 0 0 0 1 1 1 0 0 0 0 0 0 0 1 1 1 1 0 
390 60 [ 389 ] 1 150 0 0 0 0 0 0 0 0 0 0 0 0 0 0 0 1 1 1 0 0 0 0 0 0 0 0 0 0 0 0 0 0 0 0 0 0 0 0 0 0 0 0 0 0 0 0 0 0 0 0 
391 60 [ 388 389 390 ] 2 60 1 1 1 0 0 1 1 1 0 0 0 0 0 0 0 0 0 0 0 0 0 0 0 0 0 0 0 0 0 0 0 0 0 0 0 4 3 2 0 0 1 1 1 1 0 1 1 1 0 0 
392 60 [ 390 391 ] 3 50 1 1 1 0 0 1 1 1 0 0 1 1 1 1 0 1 1 1 0 0 3 3 3 0 0 0 0 0 0 0 0 0 0 0 0 0 0 0 0 0 1 0 0 0 0 1 1 1 1 0 
393 60 [ ] 3 100 0 0 0 0 0 0 0 0 0 0 5 2 1 0 0 0 0 0 0 0 0 0 0 0 0 0 0 0 0 0 0 0 0 0 0 0 0 0 0 0 0 0 0 0 0 0 0 0 0 0 
394 60 [ 391 392 393 ] 3 30 1 1 1 1 0 1 1 1 1 0 1 1 1 1 0 1 1 1 1 0 1 1 1 1 0 1 1 1 1 0 1 0 0 0 0 0 0 0 0 0 2 2 2 2 0 0 0 0 0 0 
395 60 [ ] 4 50 1 1 1 0 0 1 1 1 0 0 1 1 1 1 0 1 1 1 1 0 0 0 0 0 0 0 0 0 0 0 0 0 0 0 0 0 0 0 0 0 0 0 0 0 0 2 1 1 1 0 
396 120 [ ] 2 150 1 1 1 0 0 1 1 1 1 0 1 1 1 1 0 1 1 1 1 0 1 1 1 1 0 5 4 3 0 0 1 1 1 1 0 3 3 1 0 0 1 1 0 0 0 0 0 0 0 0 
397 30 [ ] 3 90 1 1 1 1 0 0 0 0 0 0 0 0 0 0 0 0 0 0 0 0 1 1 0 0 0 0 0 0 0 0 0 0 0 0 0 0 0 0 0 0 0 0 0 0 0 0 0 0 0 0 
398 60 [ ] 1 90 0 0 0 0 0 1 1 1 1 0 0 0 0 0 0 0 0 0 0 0 3 1 1 1 0 0 0 0 0 0 0 0 0 0 0 0 0 0 0 0 4 3 0 0 0 0 0 0 0 0 
399 30 [ ] 3 150 1 1 1 1 0 1 1 1 1 0 3 3 2 0 0 1 1 1 1 0 3 3 3 2 0 1 1 1 1 0 5 0 0 0 0 1 1 1 1 0 3 2 0 0 0 1 1 1 1 0 
400 30 [ ] 3 100 0 0 0 0 0 1 1 1 1 0 1 1 1 0 0 1 1 0 0 0 0 0 0 0 0 1 1 1 1 0 1 1 1 0 0 5 0 0 0 0 0 0 0 0 0 5 0 0 0 0 
401 60 [ ] 1 60 0 0 0 0 0 0 0 0 0 0 0 0 0 0 0 0 0 0 0 0 0 0 0 0 0 0 0 0 0 0 0 0 0 0 0 0 0 0 0 0 1 1 1 0 0 0 0 0 0 0 
402 60 [ 400 401 ] 3 30 1 0 0 0 0 0 0 0 0 0 1 1 1 1 0 1 1 1 1 0 1 1 1 0 0 1 1 1 0 0 5 4 3 3 0 0 0 0 0 0 1 1 1 0 0 1 1 1 1 0 
403 60 [ 402 ] 3 50 0 0 0 0 0 0 0 0 0 0 0 0 0 0 0 0 0 0 0 0 1 1 0 0 0 1 1 1 1 0 0 0 0 0 0 0 0 0 0 0 2 2 2 0 0 1 1 1 0 0 
404 30 [ ] 1 90 0 0 0 0 0 0 0 0 0 0 0 0 0 0 0 0 0 0 0 0 0 0 0 0 0 0 0 0 0 0 0 0 0 0 0 1 0 0 0 0 0 0 0 0 0 0 0 0 0 0 
405 60 [ ] 1 50 3 0 0 0 0 1 1 1 1 0 0 0 0 0 0 0 0 0 0 0 1 0 0 0 0 0 0 0 0 0 0 0 0 0 0 4 4 1 0 0 1 1 1 1 0 1 1 1 1 0 
406 30 [ 405 ] 3 100 0 0 0 0 0 0 0 0 0 0 2 1 0 0 0 0 0 0 0 0 0 0 0 0 0 0 0 0 0 0 0 0 0 0 0 1 1 0 0 0 0 0 0 0 0 0 0 0 0 0 
407 60 [ ] 4 90 0 0 0 0 0 1 1 1 0 0 1 1 0 0 0 2 2 2 1 0 0 0 0 0 0 0 0 0 0 0 0 0 0 0 0 0 0 0 0 0 0 0 0 0 0 0 0 0 0 0 
408 30 [ ] 3 150 0 0 0 0 0 1 1 1 1 0 1 1 1 0 0 0 0 0 0 0 0 0 0 0 0 0 0 0 0 0 0 0 0 0 0 0 0 0 0 0 0 0 0 0 0 0 0 0 0 0 
409 60 [ ] 1 50 1 1 1 0 0 0 0 0 0 0 1 1 1 0 0 1 1 1 0 0 1 0 0 0 0 0 0 0 0 0 0 0 0 0 0 1 1 1 0 0 0 0 0 0 0 1 1 1 1 0 
410 60 [ 407 408 409 ] 4 40 0 0 0 0 0 0 0 0 0 0 0 0 0 0 0 0 0 0 0 0 0 0 0 0 0 1 1 1 0 0 0 0 0 0 0 0 0 0 0 0 1 1 1 0 0 0 0 0 0 0 
411 120 [ ] 1 30 1 1 1 1 0 1 1 1 1 0 1 1 1 0 0 1 1 0 0 0 0 0 0 0 0 1 1 1 1 0 1 1 1 1 0 0 0 0 0 0 4 1 0 0 0 0 0 0 0 0 
412 60 [ ] 1 20 0 0 0 0 0 4 3 3 3 0 0 0 0 0 0 1 1 1 1 0 0 0 0 0 0 2 0 0 0 0 2 2 2 0 0 0 0 0 0 0 1 1 1 0 0 1 1 0 0 0 
413 60 [ ] 1 40 0 0 0 0 0 0 0 0 0 0 2 2 2 0 0 1 0 0 0 0 0 0 0 0 0 0 0 0 0 0 1 1 1 0 0 0 0 0 0 0 1 1 1 1 0 1 1 1 1 0 
414 60 [ 413 ] 3 40 1 1 1 1 0 1 1 1 0 0 1 1 1 0 0 1 1 1 0 0 1 1 1 0 0 1 1 1 0 0 1 1 1 1 0 1 1 1 1 0 1 1 1 0 0 5 4 2 0 0 
415 60 [ ] 1 100 1 1 0 0 0 3 3 3 3 0 1 1 1 1 0 2 0 0 0 0 1 0 0 0 0 1 1 1 0 0 2 2 1 0 0 1 1 1 1 0 1 0 0 0 0 1 1 1 1 0 
416 60 [ 414 415 ] 3 150 4 3 1 0 0 0 0 0 0 0 1 1 1 1 0 1 1 1 1 0 1 1 1 1 0 4 2 2 1 0 1 1 1 0 0 1 0 0 0 0 2 0 0 0 0 5 3 2 0 0 
417 30 [ ] 2 50 0 0 0 0 0 0 0 0 0 0 0 0 0 0 0 0 0 0 0 0 0 0 0 0 0 0 0 0 0 0 0 0 0 0 0 0 0 0 0 0 0 0 0 0 0 1 1 1 1 0 
418 60 [ 417 ] 2 50 1 1 1 0 0 1 1 1 1 0 1 0 0 0 0 5 3 2 0 0 1 1 1 0 0 1 1 1 0 0 2 2 2 0 0 1 1 1 0 0 1 1 0 0 0 1 0 0 0 0 
419 60 [ ] 1 90 1 1 1 1 0 0 0 0 0 0 0 0 0 0 0 1 1 1 0 0 1 1 1 0 0 0 0 0 0 0 0 0 0 0 0 1 1 1 1 0 1 1 1 1 0 0 0 0 0 0 
420 120 [ 419 ] 3 150 0 0 0 0 0 0 0 0 0 0 5 5 3 0 0 0 0 0 0 0 1 1 1 0 0 0 0 0 0 0 1 1 1 1 0 0 0 0 0 0 4 4 4 0 0 1 1 1 0 0 
421 120 [ 420 ] 3 150 0 0 0 0 0 0 0 0 0 0 5 5 3 0 0 0 0 0 0 0 1 1 1 0 0 0 0 0 0 0 1 1 1 1 0 0 0 0 0 0 4 4 4 0 0 1 1 1 0 0 
422 120 [ 421 ] 3 150 0 0 0 0 0 0 0 0 0 0 5 5 3 0 0 0 0 0 0 0 1 1 1 0 0 0 0 0 0 0 1 1 1 1 0 0 0 0 0 0 4 4 4 0 0 1 1 1 0 0 
423 60 [ ] 1 90 0 0 0 0 0 0 0 0 0 0 0 0 0 0 0 0 0 0 0 0 0 0 0 0 0 1 1 0 0 0 1 1 0 0 0 0 0 0 0 0 1 1 1 0 0 1 1 1 0 0 
424 60 [ 422 423 ] 3 90 1 1 1 0 0 1 1 1 0 0 1 1 1 1 0 0 0 0 0 0 0 0 0 0 0 1 1 1 0 0 0 0 0 0 0 0 0 0 0 0 0 0 0 0 0 0 0 0 0 0 
425 30 [ ] 1 90 1 1 1 0 0 1 1 1 1 0 0 0 0 0 0 0 0 0 0 0 0 0 0 0 0 0 0 0 0 0 0 0 0 0 0 1 1 1 1 0 0 0 0 0 0 1 0 0 0 0 
426 60 [ 425 ] 1 100 0 0 0 0 0 0 0 0 0 0 0 0 0 0 0 1 1 1 1 0 0 0 0 0 0 1 1 1 1 0 0 0 0 0 0 0 0 0 0 0 0 0 0 0 0 0 0 0 0 0 
427 60 [ 426 ] 1 50 0 0 0 0 0 0 0 0 0 0 5 5 3 0 0 0 0 0 0 0 0 0 0 0 0 0 0 0 0 0 0 0 0 0 0 2 2 2 1 0 0 0 0 0 0 0 0 0 0 0 
428 60 [ ] 1 60 0 0 0 0 0 1 1 1 1 0 1 1 1 0 0 0 0 0 0 0 0 0 0 0 0 1 1 1 0 0 1 1 1 0 0 1 1 0 0 0 0 0 0 0 0 1 1 1 0 0 
429 120 [ 428 ] 1 20 1 0 0 0 0 1 0 0 0 0 0 0 0 0 0 1 1 0 0 0 1 1 1 0 0 1 1 1 0 0 1 1 1 0 0 5 3 0 0 0 1 1 1 1 0 0 0 0 0 0 
430 30 [ 427 428 429 ] 1 40 0 0 0 0 0 0 0 0 0 0 0 0 0 0 0 0 0 0 0 0 0 0 0 0 0 0 0 0 0 0 0 0 0 0 0 0 0 0 0 0 0 0 0 0 0 1 1 1 1 0 
431 120 [ ] 1 100 1 1 1 1 0 0 0 0 0 0 1 1 1 1 0 1 0 0 0 0 1 1 1 0 0 1 1 0 0 0 1 0 0 0 0 1 1 1 1 0 1 1 1 1 0 1 1 1 0 0 
432 120 [ 431 ] 1 100 1 1 1 1 0 0 0 0 0 0 1 1 1 1 0 1 0 0 0 0 1 1 1 0 0 1 1 0 0 0 1 0 0 0 0 1 1 1 1 0 1 1 1 1 0 1 1 1 0 0 
433 120 [ 432 ] 1 100 1 1 1 1 0 0 0 0 0 0 1 1 1 1 0 1 0 0 0 0 1 1 1 0 0 1 1 0 0 0 1 0 0 0 0 1 1 1 1 0 1 1 1 1 0 1 1 1 0 0 
434 120 [ ] 1 60 1 1 1 0 0 3 3 2 2 0 1 1 1 0 0 1 1 1 0 0 1 1 1 0 0 1 1 1 1 0 1 1 1 0 0 1 1 1 0 0 2 2 0 0 0 1 1 0 0 0 
435 60 [ ] 1 60 0 0 0 0 0 1 1 1 0 0 0 0 0 0 0 1 1 1 1 0 1 1 1 0 0 1 1 1 1 0 1 1 1 0 0 1 1 1 1 0 0 0 0 0 0 4 3 1 0 0 
436 120 [ 435 ] 1 60 0 0 0 0 0 0 0 0 0 0 1 1 1 0 0 0 0 0 0 0 0 0 0 0 0 0 0 0 0 0 0 0 0 0 0 0 0 0 0 0 0 0 0 0 0 0 0 0 0 0 
437 120 [ 436 ] 1 60 0 0 0 0 0 0 0 0 0 0 1 1 1 0 0 0 0 0 0 0 0 0 0 0 0 0 0 0 0 0 0 0 0 0 0 0 0 0 0 0 0 0 0 0 0 0 0 0 0 0 
438 120 [ 437 ] 1 60 0 0 0 0 0 0 0 0 0 0 1 1 1 0 0 0 0 0 0 0 0 0 0 0 0 0 0 0 0 0 0 0 0 0 0 0 0 0 0 0 0 0 0 0 0 0 0 0 0 0 
439 60 [ ] 1 60 0 0 0 0 0 0 0 0 0 0 0 0 0 0 0 0 0 0 0 0 0 0 0 0 0 1 1 1 0 0 2 0 0 0 0 0 0 0 0 0 0 0 0 0 0 0 0 0 0 0 
440 60 [ ] 4 150 4 2 0 0 0 1 0 0 0 0 0 0 0 0 0 1 1 1 0 0 0 0 0 0 0 0 0 0 0 0 0 0 0 0 0 0 0 0 0 0 0 0 0 0 0 3 3 3 3 0 
441 60 [ ] 4 150 1 1 1 1 0 0 0 0 0 0 1 1 1 0 0 4 3 2 0 0 0 0 0 0 0 0 0 0 0 0 0 0 0 0 0 0 0 0 0 0 0 0 0 0 0 0 0 0 0 0 
442 60 [ 440 441 ] 4 50 0 0 0 0 0 1 1 1 0 0 0 0 0 0 0 0 0 0 0 0 0 0 0 0 0 0 0 0 0 0 0 0 0 0 0 0 0 0 0 0 0 0 0 0 0 0 0 0 0 0 
443 120 [ ] 1 100 0 0 0 0 0 0 0 0 0 0 0 0 0 0 0 0 0 0 0 0 0 0 0 0 0 1 1 1 0 0 0 0 0 0 0 5 4 2 0 0 0 0 0 0 0 0 0 0 0 0 
444 60 [ 442 443 ] 4 150 0 0 0 0 0 0 0 0 0 0 0 0 0 0 0 0 0 0 0 0 0 0 0 0 0 0 0 0 0 0 0 0 0 0 0 0 0 0 0 0 1 1 1 0 0 5 3 2 0 0 
445 60 [ 442 443 444 ] 4 50 0 0 0 0 0 0 0 0 0 0 0 0 0 0 0 1 0 0 0 0 4 3 1 0 0 0 0 0 0 0 0 0 0 0 0 0 0 0 0 0 0 0 0 0 0 0 0 0 0 0 
446 60 [ ] 4 150 0 0 0 0 0 0 0 0 0 0 0 0 0 0 0 0 0 0 0 0 0 0 0 0 0 0 0 0 0 0 0 0 0 0 0 0 0 0 0 0 1 1 1 0 0 0 0 0 0 0 
447 60 [ 445 446 ] 4 90 1 1 1 1 0 1 1 1 1 0 2 2 2 2 0 1 1 0 0 0 1 1 1 0 0 1 1 1 0 0 1 1 1 1 0 0 0 0 0 0 1 1 1 1 0 4 3 2 0 0 
448 60 [ ] 1 100 0 0 0 0 0 0 0 0 0 0 0 0 0 0 0 1 1 1 0 0 0 0 0 0 0 0 0 0 0 0 1 1 1 1 0 0 0 0 0 0 1 1 1 0 0 1 1 1 0 0 
449 30 [ ] 2 90 0 0 0 0 0 0 0 0 0 0 0 0 0 0 0 0 0 0 0 0 0 0 0 0 0 0 0 0 0 0 1 0 0 0 0 1 1 1 0 0 0 0 0 0 0 0 0 0 0 0 
450 60 [ 447 448 449 ] 4 30 1 1 0 0 0 0 0 0 0 0 1 0 0 0 0 0 0 0 0 0 0 0 0 0 0 0 0 0 0 0 1 1 1 0 0 0 0 0 0 0 1 1 1 0 0 0 0 0 0 0 
451 60 [ ] 3 60 1 1 1 0 0 5 4 1 0 0 5 4 2 1 0 1 1 1 1 0 1 1 1 0 0 1 0 0 0 0 1 1 1 0 0 1 0 0 0 0 1 1 0 0 0 3 1 1 0 0 
452 60 [ ] 1 150 0 0 0 0 0 3 3 3 3 0 0 0 0 0 0 0 0 0 0 0 0 0 0 0 0 0 0 0 0 0 0 0 0 0 0 0 0 0 0 0 0 0 0 0 0 0 0 0 0 0 
453 60 [ 451 452 ] 3 100 4 0 0 0 0 0 0 0 0 0 1 1 1 0 0 0 0 0 0 0 1 1 1 0 0 1 1 1 1 0 0 0 0 0 0 0 0 0 0 0 0 0 0 0 0 0 0 0 0 0 
454 60 [ 451 452 453 ] 3 150 0 0 0 0 0 0 0 0 0 0 0 0 0 0 0 2 2 1 1 0 0 0 0 0 0 5 3 3 0 0 0 0 0 0 0 0 0 0 0 0 0 0 0 0 0 0 0 0 0 0 
455 60 [ ] 3 50 0 0 0 0 0 4 2 0 0 0 0 0 0 0 0 4 4 3 0 0 1 1 1 1 0 5 4 3 2 0 0 0 0 0 0 1 1 1 1 0 1 1 1 1 0 1 1 1 0 0 
456 60 [ 455 ] 4 50 0 0 0 0 0 0 0 0 0 0 0 0 0 0 0 0 0 0 0 0 0 0 0 0 0 1 1 1 1 0 0 0 0 0 0 0 0 0 0 0 0 0 0 0 0 0 0 0 0 0 
457 60 [ 456 ] 4 50 1 1 1 1 0 1 1 0 0 0 2 2 2 0 0 0 0 0 0 0 1 1 1 0 0 0 0 0 0 0 0 0 0 0 0 1 1 1 1 0 1 1 1 0 0 0 0 0 0 0 
458 60 [ ] 1 100 1 1 1 1 0 1 1 0 0 0 4 2 1 0 0 1 0 0 0 0 1 0 0 0 0 0 0 0 0 0 1 1 1 0 0 0 0 0 0 0 1 1 1 0 0 4 2 1 0 0 
459 60 [ 456 457 458 ] 4 40 0 0 0 0 0 4 2 0 0 0 0 0 0 0 0 1 1 1 1 0 1 1 1 0 0 1 1 0 0 0 3 3 2 0 0 1 1 1 0 0 1 1 1 1 0 1 0 0 0 0 
460 60 [ ] 4 50 0 0 0 0 0 0 0 0 0 0 0 0 0 0 0 0 0 0 0 0 1 1 1 0 0 0 0 0 0 0 0 0 0 0 0 0 0 0 0 0 0 0 0 0 0 1 1 1 1 0 
461 30 [ ] 1 50 0 0 0 0 0 0 0 0 0 0 0 0 0 0 0 1 1 1 0 0 0 0 0 0 0 0 0 0 0 0 0 0 0 0 0 0 0 0 0 0 1 1 1 1 0 0 0 0 0 0 
462 60 [ ] 1 30 1 1 1 1 0 2 1 1 0 0 3 3 3 2 0 3 3 3 0 0 1 1 1 1 0 1 1 1 0 0 1 0 0 0 0 1 1 1 0 0 1 1 1 0 0 1 1 1 1 0 
463 30 [ ] 4 100 1 1 1 0 0 1 1 1 1 0 1 1 1 0 0 1 1 1 1 0 2 2 2 2 0 1 1 1 1 0 5 5 3 3 0 1 1 1 0 0 1 1 1 1 0 4 2 0 0 0 
464 30 [ ] 4 100 0 0 0 0 0 5 0 0 0 0 1 1 1 0 0 0 0 0 0 0 1 0 0 0 0 0 0 0 0 0 0 0 0 0 0 1 1 1 1 0 0 0 0 0 0 0 0 0 0 0 
465 60 [ ] 1 150 1 1 1 0 0 1 1 1 0 0 1 1 1 1 0 1 1 1 0 0 1 1 1 0 0 1 1 1 0 0 5 5 4 3 0 1 1 1 1 0 1 0 0 0 0 1 1 1 1 0 
466 60 [ 464 465 ] 4 60 0 0 0 0 0 1 1 1 1 0 0 0 0 0 0 0 0 0 0 0 0 0 0 0 0 0 0 0 0 0 0 0 0 0 0 0 0 0 0 0 1 1 1 1 0 0 0 0 0 0 
467 120 [ ] 1 60 0 0 0 0 0 0 0 0 0 0 2 2 2 2 0 1 1 1 1 0 0 0 0 0 0 0 0 0 0 0 0 0 0 0 0 0 0 0 0 0 0 0 0 0 0 0 0 0 0 0 
468 120 [ 467 ] 1 60 0 0 0 0 0 0 0 0 0 0 2 2 2 2 0 1 1 1 1 0 0 0 0 0 0 0 0 0 0 0 0 0 0 0 0 0 0 0 0 0 0 0 0 0 0 0 0 0 0 0 
469 30 [ 468 ] 2 50 0 0 0 0 0 3 2 2 2 0 0 0 0 0 0 0 0 0 0 0 0 0 0 0 0 0 0 0 0 0 0 0 0 0 0 0 0 0 0 0 0 0 0 0 0 0 0 0 0 0 
470 30 [ 468 469 ] 2 100 1 1 1 1 0 1 1 1 0 0 0 0 0 0 0 0 0 0 0 0 0 0 0 0 0 1 1 1 0 0 0 0 0 0 0 0 0 0 0 0 0 0 0 0 0 0 0 0 0 0 
471 30 [ ] 3 100 0 0 0 0 0 0 0 0 0 0 0 0 0 0 0 0 0 0 0 0 0 0 0 0 0 0 0 0 0 0 1 1 1 1 0 0 0 0 0 0 0 0 0 0 0 0 0 0 0 0 
472 120 [ ] 1 100 0 0 0 0 0 1 0 0 0 0 0 0 0 0 0 0 0 0 0 0 0 0 0 0 0 0 0 0 0 0 0 0 0 0 0 0 0 0 0 0 0 0 0 0 0 0 0 0 0 0 
473 120 [ 472 ] 1 100 0 0 0 0 0 1 0 0 0 0 0 0 0 0 0 0 0 0 0 0 0 0 0 0 0 0 0 0 0 0 0 0 0 0 0 0 0 0 0 0 0 0 0 0 0 0 0 0 0 0 
474 60 [ ] 1 150 0 0 0 0 0 1 1 1 1 0 0 0 0 0 0 0 0 0 0 0 0 0 0 0 0 0 0 0 0 0 0 0 0 0 0 0 0 0 0 0 0 0 0 0 0 1 1 1 1 0 
475 60 [ ] 1 100 0 0 0 0 0 0 0 0 0 0 0 0 0 0 0 0 0 0 0 0 0 0 0 0 0 0 0 0 0 0 1 1 1 0 0 0 0 0 0 0 0 0 0 0 0 3 3 1 0 0 
476 60 [ ] 2 60 0 0 0 0 0 0 0 0 0 0 5 4 2 0 0 0 0 0 0 0 0 0 0 0 0 1 0 0 0 0 0 0 0 0 0 0 0 0 0 0 0 0 0 0 0 0 0 0 0 0 
477 120 [ 476 ] 2 100 0 0 0 0 0 1 0 0 0 0 0 0 0 0 0 1 1 1 1 0 0 0 0 0 0 0 0 0 0 0 1 1 0 0 0 0 0 0 0 0 0 0 0 0 0 0 0 0 0 0 
478 60 [ ] 1 100 0 0 0 0 0 1 0 0 0 0 0 0 0 0 0 0 0 0 0 0 0 0 0 0 0 0 0 0 0 0 0 0 0 0 0 0 0 0 0 0 0 0 0 0 0 0 0 0 0 0 
479 60 [ 476 477 478 ] 2 100 0 0 0 0 0 1 1 1 1 0 0 0 0 0 0 0 0 0 0 0 0 0 0 0 0 0 0 0 0 0 4 0 0 0 0 0 0 0 0 0 0 0 0 0 0 0 0 0 0 0 
480 60 [ 478 479 ] 2 100 0 0 0 0 0 0 0 0 0 0 1 1 1 1 0 0 0 0 0 0 0 0 0 0 0 0 0 0 0 0 0 0 0 0 0 0 0 0 0 0 0 0 0 0 0 0 0 0 0 0 
481 60 [ ] 1 150 0 0 0 0 0 1 1 1 1 0 0 0 0 0 0 0 0 0 0 0 0 0 0 0 0 0 0 0 0 0 0 0 0 0 0 1 1 1 1 0 0 0 0 0 0 0 0 0 0 0 
482 60 [ 479 480 481 ] 2 30 1 1 1 1 0 1 1 1 1 0 1 1 1 1 0 1 1 0 0 0 1 1 1 0 0 1 1 1 1 0 1 1 1 1 0 1 0 0 0 0 0 0 0 0 0 1 1 1 0 0 
483 60 [ ] 1 150 1 1 1 1 0 0 0 0 0 0 4 2 2 0 0 1 1 1 0 0 1 1 1 0 0 1 1 0 0 0 1 1 1 1 0 1 0 0 0 0 1 1 0 0 0 1 1 1 1 0 
484 60 [ ] 1 100 1 1 1 1 0 1 0 0 0 0 0 0 0 0 0 1 1 1 1 0 1 1 1 1 0 0 0 0 0 0 1 1 0 0 0 0 0 0 0 0 0 0 0 0 0 0 0 0 0 0 
485 30 [ 484 ] 2 100 0 0 0 0 0 1 1 1 1 0 0 0 0 0 0 0 0 0 0 0 0 0 0 0 0 1 1 1 1 0 1 1 1 0 0 0 0 0 0 0 0 0 0 0 0 0 0 0 0 0 
486 60 [ 483 484 485 ] 3 100 1 1 1 1 0 1 1 1 1 0 3 3 2 2 0 0 0 0 0 0 0 0 0 0 0 0 0 0 0 0 0 0 0 0 0 1 1 1 0 0 1 1 1 1 0 0 0 0 0 0 
487 60 [ ] 1 50 1 0 0 0 0 1 1 0 0 0 0 0 0 0 0 4 0 0 0 0 0 0 0 0 0 1 1 1 1 0 1 1 1 0 0 1 1 1 1 0 2 2 1 0 0 4 3 1 1 0 
488 60 [ ] 4 100 0 0 0 0 0 0 0 0 0 0 0 0 0 0 0 0 0 0 0 0 0 0 0 0 0 1 1 1 0 0 1 1 1 1 0 1 1 1 1 0 0 0 0 0 0 0 0 0 0 0 
489 120 [ ] 1 30 5 3 0 0 0 1 0 0 0 0 0 0 0 0 0 1 1 0 0 0 1 0 0 0 0 1 1 1 1 0 1 1 1 1 0 1 0 0 0 0 1 1 0 0 0 1 1 1 1 0 
490 60 [ ] 3 60 0 0 0 0 0 0 0 0 0 0 1 0 0 0 0 0 0 0 0 0 0 0 0 0 0 2 1 1 1 0 0 0 0 0 0 0 0 0 0 0 1 1 1 1 0 0 0 0 0 0 
491 60 [ ] 3 150 0 0 0 0 0 0 0 0 0 0 0 0 0 0 0 0 0 0 0 0 0 0 0 0 0 1 1 1 1 0 0 0 0 0 0 0 0 0 0 0 0 0 0 0 0 0 0 0 0 0 
492 60 [ ] 1 150 1 1 1 0 0 0 0 0 0 0 4 3 2 0 0 1 1 1 0 0 0 0 0 0 0 0 0 0 0 0 1 0 0 0 0 0 0 0 0 0 0 0 0 0 0 0 0 0 0 0 
493 60 [ ] 1 50 0 0 0 0 0 0 0 0 0 0 0 0 0 0 0 0 0 0 0 0 0 0 0 0 0 0 0 0 0 0 0 0 0 0 0 1 1 1 0 0 1 1 1 0 0 0 0 0 0 0 
494 120 [ 493 ] 2 90 1 1 1 0 0 1 1 1 0 0 1 1 1 1 0 0 0 0 0 0 1 1 1 0 0 5 3 2 0 0 3 3 2 0 0 1 1 1 0 0 3 3 3 1 0 1 1 0 0 0 
495 120 [ 494 ] 2 90 1 1 1 0 0 1 1 1 0 0 1 1 1 1 0 0 0 0 0 0 1 1 1 0 0 5 3 2 0 0 3 3 2 0 0 1 1 1 0 0 3 3 3 1 0 1 1 0 0 0 
496 30 [ ] 1 100 1 0 0 0 0 1 1 0 0 0 1 1 1 0 0 1 0 0 0 0 1 1 1 0 0 1 1 1 0 0 1 0 0 0 0 0 0 0 0 0 0 0 0 0 0 1 1 1 1 0 
497 60 [ ] 1 60 0 0 0 0 0 0 0 0 0 0 0 0 0 0 0 0 0 0 0 0 0 0 0 0 0 0 0 0 0 0 0 0 0 0 0 1 1 1 1 0 3 3 1 0 0 0 0 0 0 0 
498 60 [ 497 ] 1 50 1 1 1 0 0 0 0 0 0 0 1 1 1 1 0 1 1 1 1 0 1 0 0 0 0 1 1 1 0 0 1 1 1 1 0 1 1 1 0 0 5 0 0 0 0 0 0 0 0 0 
499 60 [ 498 ] 1 150 0 0 0 0 0 0 0 0 0 0 0 0 0 0 0 4 3 2 0 0 1 1 1 0 0 1 0 0 0 0 1 1 1 0 0 0 0 0 0 0 1 1 1 0 0 0 0 0 0 0 
500 120 [ ] 3 150 0 0 0 0 0 0 0 0 0 0 0 0 0 0 0 0 0 0 0 0 1 1 0 0 0 0 0 0 0 0 1 1 0 0 0 1 0 0 0 0 0 0 0 0 0 1 1 1 0 0 
