tech d1 d2 d3 d4 d5 d6 d7 d8 d9 d10 dispo
1 5 1 4 1 4 4 0 5 3 1 [ 1 3 7 11 12 ]
2 5 4 5 3 3 3 3 4 2 3 [ 8 15 16 20 23 26 30 33 40 ]
3 3 4 4 5 0 1 4 3 2 1 [ 7 16 17 20 25 33 ]
4 0 3 0 4 2 5 1 0 5 5 [ 5 13 22 23 30 34 37 39 ]
5 2 0 5 3 5 5 2 4 1 0 [ 4 5 6 11 23 28 38 40 ]
6 0 3 1 5 5 3 0 4 5 2 [ 1 12 18 20 25 36 37 ]
7 1 3 2 1 2 2 2 5 4 1 [ 2 5 6 27 28 32 34 35 37 38 40 ]
8 0 1 0 5 1 3 4 4 3 1 [ 5 6 9 14 17 19 22 30 37 38 39 ]
9 0 5 1 1 2 4 1 5 4 4 [ 12 16 22 31 38 ]
10 4 0 2 0 4 5 1 5 0 3 [ 1 12 20 23 28 30 35 39 ]
11 1 3 3 5 2 0 2 1 1 3 [ 7 14 18 26 37 ]
12 2 5 4 2 3 1 3 3 1 4 [ 3 8 12 13 18 22 24 26 32 35 ]
13 0 3 5 4 0 3 3 2 5 3 [ 8 14 15 19 22 26 27 38 40 ]
14 3 5 1 4 0 5 1 3 5 2 [ 3 5 10 23 31 35 ]
15 0 0 3 0 1 3 3 5 0 5 [ 8 9 21 24 27 35 37 ]
16 3 2 2 1 3 1 1 4 5 4 [ 5 7 11 15 20 32 35 37 ]
17 1 4 1 5 2 0 3 1 0 4 [ 1 7 19 20 22 26 34 35 38 ]
18 3 5 3 3 0 4 3 5 2 1 [ 9 11 22 31 32 ]
19 3 0 5 1 0 1 5 3 2 1 [ 4 5 8 17 19 29 40 ]
20 5 0 5 3 5 0 2 2 2 1 [ 4 5 7 16 28 33 37 38 ]
21 4 4 5 1 1 4 1 4 5 2 [ 4 8 11 30 37 ]
22 5 1 0 5 1 5 2 5 2 5 [ 5 10 11 15 22 23 27 33 34 ]
23 1 0 3 0 2 0 1 2 4 5 [ 21 25 27 32 ]
24 5 0 5 3 3 3 4 4 1 3 [ 9 16 30 ]
25 4 2 0 0 4 3 5 2 0 4 [ 4 15 16 18 19 21 24 27 ]
26 3 0 4 5 4 3 2 4 3 0 [ 3 10 11 15 31 32 40 ]
27 2 1 1 3 1 1 3 2 2 4 [ 3 15 23 25 33 34 36 ]
28 4 1 0 4 2 1 4 3 0 3 [ 5 7 14 16 17 30 33 36 ]
29 1 0 1 1 2 1 5 2 1 1 [ 9 19 32 36 37 ]
30 4 5 0 5 4 4 4 1 0 0 [ 6 7 9 13 21 22 26 29 32 ]
31 1 5 2 4 5 0 3 1 5 1 [ 1 5 8 18 20 24 26 27 33 37 38 40 ]
32 2 1 3 4 4 0 3 4 3 1 [ 2 4 10 20 23 29 30 32 34 37 ]
33 0 0 4 3 2 0 2 3 3 1 [ 5 15 17 22 28 29 31 36 37 40 ]
34 5 1 1 5 0 4 2 5 5 3 [ 3 7 8 17 20 25 28 ]
35 4 1 3 0 1 4 5 0 1 1 [ 2 4 19 35 39 ]
36 2 3 5 0 1 5 3 1 4 5 [ 8 10 22 30 ]
37 3 1 3 4 4 2 5 4 1 4 [ 12 15 18 31 35 ]
38 1 2 1 2 0 1 3 0 0 0 [ 1 12 20 33 ]
39 0 5 3 0 0 4 1 1 0 1 [ 2 6 9 15 23 25 30 31 38 ]
40 3 1 3 0 5 0 1 3 0 5 [ 1 19 26 30 31 33 38 40 ]
41 5 2 5 0 5 0 3 1 1 5 [ 6 9 11 19 23 34 ]
42 1 3 5 2 0 3 4 0 0 5 [ 5 14 27 ]
43 5 5 2 4 5 5 2 2 2 1 [ 3 21 38 ]
44 2 0 1 0 3 3 5 0 0 0 [ 6 7 9 13 19 29 37 40 ]
45 3 0 2 0 3 3 0 5 0 1 [ 1 6 16 21 23 25 33 ]
46 5 3 2 4 4 3 3 3 0 1 [ 1 3 11 15 16 21 34 37 ]
47 3 5 1 2 3 0 2 4 1 1 [ 1 12 14 16 19 23 32 34 37 ]
48 0 3 2 5 2 4 4 5 1 1 [ 8 10 11 12 22 24 28 31 36 40 ]
49 1 5 5 0 3 3 3 1 0 0 [ 12 27 35 37 ]
50 4 4 0 4 5 2 0 4 1 4 [ 6 8 12 13 14 17 23 36 37 ]
51 5 1 3 3 2 3 3 5 1 5 [ 2 9 11 14 19 22 23 24 37 ]
52 4 1 5 1 2 3 3 5 2 4 [ 2 4 11 12 15 17 21 23 25 28 ]
53 5 0 2 2 4 0 0 3 2 0 [ 5 7 12 17 30 31 32 36 ]
54 0 1 2 4 2 5 4 4 0 1 [ 3 4 7 10 12 13 14 16 19 24 33 ]
55 0 3 1 2 2 0 5 2 0 3 [ 6 14 19 20 21 26 32 34 38 ]
56 4 0 1 4 0 1 5 1 3 5 [ 4 8 10 17 20 27 31 39 40 ]
57 1 1 0 3 5 1 2 0 5 2 [ 7 20 21 22 28 39 ]
58 0 0 0 0 0 2 1 3 0 0 [ 5 17 18 34 40 ]
59 0 3 0 2 4 5 0 0 2 5 [ 1 18 25 32 33 37 40 ]
60 3 0 4 2 2 0 2 4 3 1 [ 2 7 13 14 25 26 ]
61 0 0 2 4 5 2 0 5 2 5 [ 7 12 13 14 23 26 27 29 33 ]
62 1 1 4 3 0 3 3 4 1 0 [ 4 5 9 11 14 18 26 31 32 33 37 38 40 ]
63 2 5 0 2 5 1 0 0 4 2 [ 12 17 18 24 28 36 ]
64 2 5 0 3 3 2 5 2 2 4 [ 9 12 17 21 22 23 34 39 ]
65 1 1 2 3 0 2 1 2 3 1 [ 2 3 6 7 14 20 24 26 31 32 ]
66 0 1 5 1 3 1 5 2 0 2 [ 1 5 7 9 31 32 36 40 ]
67 4 4 5 3 1 2 3 2 3 1 [ 3 7 8 10 13 14 23 26 ]
68 1 5 3 0 4 4 0 5 5 2 [ 3 13 16 20 21 22 23 ]
69 0 4 2 2 1 4 3 3 1 2 [ 2 3 4 11 26 28 ]
70 4 1 2 4 2 1 5 0 4 0 [ 1 13 23 24 26 39 ]
71 1 5 5 2 0 0 5 0 2 4 [ 7 12 13 14 15 37 ]
72 0 1 5 0 1 0 5 4 4 1 [ 19 32 34 ]
73 1 4 0 2 5 3 2 3 4 4 [ 1 10 17 26 38 ]
74 3 0 5 3 2 3 5 5 0 3 [ 7 9 11 15 33 34 37 ]
75 3 4 5 1 2 0 3 3 0 5 [ 5 14 ]
76 1 2 4 1 5 1 0 1 4 4 [ 3 7 14 17 24 32 33 35 36 40 ]
77 1 1 2 1 0 5 4 2 4 0 [ 7 8 12 13 22 28 30 34 38 ]
78 5 2 2 4 4 0 5 0 0 3 [ 12 18 28 32 ]
79 0 5 3 5 2 1 4 3 3 4 [ 8 15 24 26 28 ]
80 4 4 4 2 3 4 0 4 3 5 [ 4 5 11 17 28 29 32 34 36 ]
81 2 4 0 5 5 1 5 4 0 1 [ 2 12 15 28 32 34 38 40 ]
82 5 4 2 4 5 0 0 3 0 2 [ 10 20 31 40 ]
83 5 5 4 4 1 0 2 3 4 3 [ 8 14 21 25 33 39 ]
84 1 4 3 2 1 4 0 5 5 5 [ 2 4 13 21 28 30 31 32 33 40 ]
85 4 5 5 3 1 5 1 2 3 4 [ 1 2 3 9 27 28 31 34 ]
86 4 2 3 1 2 3 2 4 0 4 [ 1 5 8 14 16 17 20 21 29 31 33 ]
87 2 0 1 1 2 3 2 4 1 3 [ 8 10 14 16 18 22 30 35 ]
88 5 1 5 5 4 3 4 0 0 2 [ 2 4 6 12 16 20 21 25 35 38 ]
89 1 4 4 3 1 2 2 1 3 4 [ 6 15 16 20 31 32 35 ]
90 3 5 1 2 4 5 3 1 2 5 [ 3 14 18 21 23 24 ]
91 4 4 2 3 5 1 5 4 0 1 [ 13 14 18 20 21 24 38 ]
92 3 2 2 2 0 5 3 3 4 0 [ 1 7 21 29 ]
93 1 3 5 2 3 0 4 5 5 4 [ 10 12 20 21 22 23 25 33 38 ]
94 0 3 5 0 0 1 0 3 4 4 [ 4 10 ]
95 2 3 1 3 0 1 3 2 2 0 [ 3 4 18 28 34 38 ]
96 5 3 0 5 3 0 5 2 4 1 [ 1 8 9 11 38 ]
97 3 4 1 1 2 1 3 4 4 1 [ 21 22 39 ]
98 4 5 3 0 1 4 1 2 4 2 [ 2 22 25 28 31 34 ]
99 0 1 4 3 5 0 2 5 0 1 [ 2 3 6 7 19 23 27 30 32 ]
100 3 0 2 5 2 1 1 1 5 1 [ 1 6 7 10 19 22 25 26 27 33 34 ]
