number time preds prio cost d1_1 d1_2 d1_3 d1_4 d2_1 d2_2 d2_3 d2_4 d3_1 d3_2 d3_3 d3_4 d4_1 d4_2 d4_3 d4_4 d5_1 d5_2 d5_3 d5_4  
1 15 [ ] 1 200 1 0 0 0 5 0 0 0 1 1 0 0 0 0 0 0 1 1 1 1 
2 15 [ ] 1 100 0 0 0 0 0 0 0 0 0 0 0 0 0 0 0 0 5 0 0 0 
3 60 [ ] 3 200 0 0 0 0 0 0 0 0 0 0 0 0 0 0 0 0 1 1 1 0 
4 60 [ ] 1 100 0 0 0 0 0 0 0 0 0 0 0 0 0 0 0 0 5 0 0 0 
5 15 [ ] 1 100 0 0 0 0 0 0 0 0 4 3 0 0 0 0 0 0 0 0 0 0 
6 15 [ ] 1 100 0 0 0 0 0 0 0 0 0 0 0 0 1 0 0 0 0 0 0 0 
7 120 [ ] 1 100 0 0 0 0 1 1 1 0 0 0 0 0 0 0 0 0 0 0 0 0 
8 60 [ ] 1 100 0 0 0 0 1 1 1 0 0 0 0 0 0 0 0 0 0 0 0 0 
9 120 [ ] 1 100 0 0 0 0 5 4 0 0 0 0 0 0 1 1 1 1 1 1 0 0 
10 15 [ 8 9 ] 1 100 0 0 0 0 0 0 0 0 1 1 0 0 0 0 0 0 0 0 0 0 
11 120 [ ] 1 150 0 0 0 0 0 0 0 0 1 1 0 0 0 0 0 0 0 0 0 0 
12 120 [ ] 2 300 0 0 0 0 1 1 0 0 0 0 0 0 0 0 0 0 0 0 0 0 
13 15 [ ] 1 400 5 3 0 0 3 0 0 0 0 0 0 0 0 0 0 0 0 0 0 0 
14 60 [ 11 12 13 ] 2 300 0 0 0 0 0 0 0 0 5 3 2 2 0 0 0 0 0 0 0 0 
15 15 [ ] 1 300 0 0 0 0 0 0 0 0 0 0 0 0 1 1 0 0 0 0 0 0 
16 120 [ ] 1 200 0 0 0 0 0 0 0 0 0 0 0 0 1 1 1 0 0 0 0 0 
17 15 [ ] 2 50 0 0 0 0 0 0 0 0 0 0 0 0 1 0 0 0 0 0 0 0 
18 60 [ ] 1 300 0 0 0 0 0 0 0 0 0 0 0 0 0 0 0 0 1 1 1 1 
19 60 [ ] 1 300 0 0 0 0 3 0 0 0 0 0 0 0 3 0 0 0 2 0 0 0 
20 120 [ ] 1 300 0 0 0 0 0 0 0 0 0 0 0 0 4 3 0 0 0 0 0 0 
21 15 [ ] 2 150 1 0 0 0 0 0 0 0 0 0 0 0 0 0 0 0 0 0 0 0 
22 120 [ ] 3 600 0 0 0 0 0 0 0 0 0 0 0 0 0 0 0 0 1 0 0 0 
23 15 [ ] 1 50 0 0 0 0 0 0 0 0 0 0 0 0 3 3 1 1 1 0 0 0 
24 15 [ ] 1 400 0 0 0 0 0 0 0 0 0 0 0 0 1 1 0 0 0 0 0 0 
25 120 [ ] 3 200 1 1 1 0 0 0 0 0 0 0 0 0 0 0 0 0 0 0 0 0 
26 15 [ ] 2 100 0 0 0 0 1 1 0 0 0 0 0 0 0 0 0 0 0 0 0 0 
27 120 [ ] 2 100 1 0 0 0 0 0 0 0 0 0 0 0 0 0 0 0 0 0 0 0 
28 15 [ ] 1 200 0 0 0 0 0 0 0 0 0 0 0 0 0 0 0 0 1 1 1 0 
29 60 [ 27 28 ] 2 200 0 0 0 0 0 0 0 0 0 0 0 0 0 0 0 0 1 0 0 0 
30 15 [ ] 3 200 0 0 0 0 0 0 0 0 1 1 1 1 0 0 0 0 0 0 0 0 
31 15 [ ] 3 600 3 3 1 0 0 0 0 0 0 0 0 0 0 0 0 0 0 0 0 0 
32 15 [ ] 2 200 0 0 0 0 0 0 0 0 0 0 0 0 0 0 0 0 4 0 0 0 
33 15 [ ] 1 100 1 0 0 0 0 0 0 0 0 0 0 0 0 0 0 0 0 0 0 0 
34 15 [ ] 3 100 0 0 0 0 0 0 0 0 0 0 0 0 0 0 0 0 5 4 0 0 
35 15 [ ] 1 300 0 0 0 0 0 0 0 0 0 0 0 0 0 0 0 0 1 1 1 0 
36 60 [ ] 1 200 0 0 0 0 0 0 0 0 0 0 0 0 0 0 0 0 1 1 1 0 
37 15 [ ] 1 150 0 0 0 0 1 1 1 0 0 0 0 0 0 0 0 0 0 0 0 0 
38 15 [ ] 1 200 0 0 0 0 1 1 1 0 1 1 1 1 0 0 0 0 0 0 0 0 
39 15 [ ] 1 200 3 3 3 2 1 1 1 0 2 2 0 0 5 3 3 2 1 0 0 0 
40 15 [ ] 1 100 0 0 0 0 0 0 0 0 0 0 0 0 0 0 0 0 5 4 4 0 
41 15 [ ] 1 200 1 1 1 0 0 0 0 0 0 0 0 0 0 0 0 0 0 0 0 0 
42 120 [ 40 41 ] 1 400 0 0 0 0 0 0 0 0 0 0 0 0 0 0 0 0 1 0 0 0 
43 56 [ ] 1 100 0 0 0 0 0 0 0 0 0 0 0 0 1 0 0 0 0 0 0 0 
44 15 [ ] 1 200 0 0 0 0 0 0 0 0 0 0 0 0 3 0 0 0 0 0 0 0 
45 15 [ ] 1 100 0 0 0 0 0 0 0 0 0 0 0 0 0 0 0 0 1 1 0 0 
46 15 [ ] 1 100 0 0 0 0 0 0 0 0 0 0 0 0 0 0 0 0 1 0 0 0 
47 60 [ ] 1 200 0 0 0 0 0 0 0 0 2 0 0 0 0 0 0 0 0 0 0 0 
48 60 [ ] 1 300 0 0 0 0 0 0 0 0 0 0 0 0 1 1 1 0 0 0 0 0 
49 15 [ ] 1 100 1 0 0 0 0 0 0 0 0 0 0 0 0 0 0 0 0 0 0 0 
50 15 [ ] 2 300 0 0 0 0 1 0 0 0 0 0 0 0 0 0 0 0 0 0 0 0 
51 15 [ ] 1 100 0 0 0 0 1 1 0 0 0 0 0 0 0 0 0 0 0 0 0 0 
52 15 [ ] 3 200 0 0 0 0 0 0 0 0 0 0 0 0 1 0 0 0 0 0 0 0 
53 15 [ ] 1 200 0 0 0 0 0 0 0 0 2 2 1 1 0 0 0 0 0 0 0 0 
54 15 [ ] 1 200 0 0 0 0 1 0 0 0 0 0 0 0 0 0 0 0 0 0 0 0 
55 15 [ ] 1 300 0 0 0 0 0 0 0 0 1 1 1 0 0 0 0 0 0 0 0 0 
56 15 [ ] 1 600 0 0 0 0 0 0 0 0 0 0 0 0 1 1 0 0 0 0 0 0 
57 15 [ ] 2 200 3 3 1 0 0 0 0 0 4 1 0 0 0 0 0 0 0 0 0 0 
58 15 [ 54 55 56 57 ] 2 200 1 0 0 0 0 0 0 0 0 0 0 0 0 0 0 0 0 0 0 0 
59 15 [ ] 3 300 0 0 0 0 0 0 0 0 0 0 0 0 1 1 1 1 0 0 0 0 
60 15 [ ] 1 400 0 0 0 0 5 0 0 0 0 0 0 0 0 0 0 0 0 0 0 0 
61 15 [ ] 1 200 0 0 0 0 0 0 0 0 0 0 0 0 0 0 0 0 1 1 1 0 
62 15 [ ] 1 200 1 1 1 1 1 1 0 0 1 1 0 0 1 1 1 1 2 1 1 0 
63 15 [ ] 1 100 2 2 1 0 0 0 0 0 0 0 0 0 0 0 0 0 0 0 0 0 
64 120 [ ] 1 200 0 0 0 0 1 1 1 1 0 0 0 0 0 0 0 0 0 0 0 0 
65 15 [ ] 1 200 0 0 0 0 1 0 0 0 0 0 0 0 0 0 0 0 0 0 0 0 
66 120 [ ] 1 100 0 0 0 0 1 1 0 0 0 0 0 0 0 0 0 0 0 0 0 0 
67 15 [ ] 1 200 0 0 0 0 0 0 0 0 1 1 1 0 0 0 0 0 0 0 0 0 
68 60 [ ] 3 150 0 0 0 0 1 1 0 0 0 0 0 0 0 0 0 0 3 3 3 3 
69 120 [ ] 1 150 0 0 0 0 0 0 0 0 0 0 0 0 0 0 0 0 2 2 2 0 
70 15 [ ] 1 300 0 0 0 0 1 1 0 0 0 0 0 0 0 0 0 0 0 0 0 0 
71 15 [ ] 1 300 1 0 0 0 1 0 0 0 1 1 1 0 1 1 1 0 0 0 0 0 
72 8 [ ] 1 300 4 0 0 0 4 4 3 1 1 1 1 0 1 0 0 0 1 1 1 0 
73 15 [ ] 1 300 1 0 0 0 0 0 0 0 0 0 0 0 0 0 0 0 0 0 0 0 
74 15 [ ] 2 200 2 2 1 0 1 1 0 0 1 1 1 0 1 1 1 0 3 3 0 0 
75 15 [ ] 3 100 0 0 0 0 0 0 0 0 0 0 0 0 1 1 1 1 1 1 1 0 
76 15 [ ] 1 200 1 1 0 0 1 0 0 0 1 0 0 0 0 0 0 0 2 0 0 0 
77 60 [ ] 3 200 0 0 0 0 0 0 0 0 1 1 1 0 0 0 0 0 0 0 0 0 
78 60 [ ] 1 100 0 0 0 0 0 0 0 0 3 2 2 1 0 0 0 0 0 0 0 0 
79 60 [ ] 1 400 0 0 0 0 0 0 0 0 0 0 0 0 0 0 0 0 1 0 0 0 
80 15 [ ] 1 400 0 0 0 0 0 0 0 0 0 0 0 0 1 1 0 0 0 0 0 0 
81 15 [ ] 3 200 0 0 0 0 0 0 0 0 0 0 0 0 0 0 0 0 2 0 0 0 
82 60 [ ] 1 150 0 0 0 0 0 0 0 0 4 3 3 2 0 0 0 0 0 0 0 0 
83 15 [ ] 2 200 0 0 0 0 0 0 0 0 0 0 0 0 1 1 1 0 0 0 0 0 
84 15 [ ] 1 300 0 0 0 0 0 0 0 0 0 0 0 0 3 0 0 0 0 0 0 0 
85 60 [ ] 1 100 1 1 0 0 1 1 1 1 5 0 0 0 0 0 0 0 1 1 1 0 
86 60 [ ] 2 300 0 0 0 0 0 0 0 0 0 0 0 0 1 0 0 0 0 0 0 0 
87 15 [ ] 1 50 1 1 1 0 0 0 0 0 0 0 0 0 0 0 0 0 0 0 0 0 
88 15 [ 87 ] 1 300 0 0 0 0 1 1 0 0 0 0 0 0 0 0 0 0 0 0 0 0 
89 15 [ 87 ] 1 100 0 0 0 0 0 0 0 0 0 0 0 0 0 0 0 0 4 2 0 0 
90 15 [ ] 1 200 1 0 0 0 1 1 0 0 1 1 0 0 1 1 0 0 1 1 0 0 
91 15 [ ] 1 300 0 0 0 0 1 1 1 0 0 0 0 0 0 0 0 0 0 0 0 0 
92 120 [ ] 1 100 0 0 0 0 0 0 0 0 0 0 0 0 1 0 0 0 0 0 0 0 
93 120 [ ] 1 300 4 2 1 1 1 0 0 0 1 0 0 0 1 1 1 0 4 0 0 0 
94 15 [ ] 1 100 0 0 0 0 1 0 0 0 0 0 0 0 0 0 0 0 0 0 0 0 
95 60 [ ] 1 300 0 0 0 0 0 0 0 0 0 0 0 0 1 1 0 0 0 0 0 0 
96 15 [ 93 94 95 ] 1 200 1 1 1 0 0 0 0 0 0 0 0 0 0 0 0 0 0 0 0 0 
97 15 [ ] 1 600 1 1 0 0 0 0 0 0 0 0 0 0 0 0 0 0 0 0 0 0 
98 60 [ ] 1 50 1 1 1 1 3 3 0 0 1 1 0 0 1 1 1 0 0 0 0 0 
99 15 [ 96 97 98 ] 1 200 0 0 0 0 0 0 0 0 0 0 0 0 0 0 0 0 5 0 0 0 
100 120 [ ] 2 300 1 1 1 1 0 0 0 0 0 0 0 0 0 0 0 0 0 0 0 0 
