tech d1 d2 d3 d4 d5 dispo
1 4 1 3 1 3 [ ]
2 2 2 3 4 1 [ 1 8 11 ]
3 3 4 1 1 4 [ 11 14 16 18 ]
4 2 1 3 2 1 [ 9 12 17 18 19 ]
5 2 3 1 3 3 [ 5 17 ]
6 4 4 4 3 1 [ 11 13 19 ]
7 3 1 4 3 4 [ 4 5 14 ]
8 1 3 1 2 3 [ 4 9 13 15 ]
9 4 3 2 1 4 [ 2 16 19 ]
10 1 2 3 3 4 [ 3 15 19 ]
11 1 3 3 2 4 [ 2 11 ]
12 1 2 2 2 3 [ 2 6 14 19 ]
13 1 2 4 1 2 [ 2 4 5 7 10 12 17 ]
14 3 2 3 1 3 [ 10 ]
15 3 4 2 4 2 [ 5 9 15 18 ]
16 4 4 1 1 3 [ 7 8 9 13 ]
17 1 4 4 2 3 [ 3 6 11 ]
18 2 1 1 3 2 [ 3 6 7 9 10 ]
19 1 3 2 4 1 [ 4 8 18 ]
20 1 2 3 1 3 [ ]
