number time preds prio cost d1_1 d1_2 d1_3 d2_1 d2_2 d2_3 d3_1 d3_2 d3_3 d4_1 d4_2 d4_3 d5_1 d5_2 d5_3  
1 15 [ ] 2 20 4 4 0 0 0 0 0 0 0 0 0 0 0 0 0 
2 30 [ ] 1 40 0 0 0 5 0 0 0 0 0 1 1 0 0 0 0 
3 30 [ ] 1 20 0 0 0 0 0 0 0 0 0 0 0 0 2 1 0 
4 15 [ ] 1 20 0 0 0 0 0 0 0 0 0 1 1 0 0 0 0 
5 15 [ 3 4 ] 1 20 1 1 0 0 0 0 4 0 0 0 0 0 0 0 0 
6 15 [ ] 1 60 0 0 0 0 0 0 0 0 0 2 2 0 0 0 0 
7 30 [ ] 2 60 2 2 0 3 0 0 1 0 0 1 0 0 1 0 0 
8 30 [ ] 4 60 1 1 0 1 1 0 1 0 0 4 0 0 0 0 0 
9 15 [ ] 1 20 1 0 0 0 0 0 1 0 0 0 0 0 1 0 0 
10 15 [ ] 4 40 4 2 0 5 3 0 0 0 0 1 0 0 3 0 0 
11 15 [ ] 1 20 0 0 0 0 0 0 1 0 0 0 0 0 1 0 0 
12 15 [ ] 1 60 1 0 0 0 0 0 0 0 0 0 0 0 0 0 0 
13 30 [ 10 11 12 ] 4 20 0 0 0 0 0 0 0 0 0 4 2 0 0 0 0 
14 30 [ 13 ] 4 20 5 0 0 1 1 0 5 0 0 1 0 0 3 2 0 
15 15 [ ] 1 60 0 0 0 1 1 0 0 0 0 4 2 0 0 0 0 
16 30 [ ] 3 60 3 1 0 0 0 0 0 0 0 0 0 0 0 0 0 
17 30 [ ] 2 40 3 1 0 0 0 0 0 0 0 0 0 0 0 0 0 
18 120 [ ] 1 60 0 0 0 1 0 0 0 0 0 0 0 0 0 0 0 
19 120 [ 17 18 ] 2 60 1 1 0 4 0 0 0 0 0 0 0 0 1 0 0 
20 15 [ ] 1 60 0 0 0 0 0 0 0 0 0 1 1 0 0 0 0 
21 30 [ ] 4 20 0 0 0 0 0 0 1 1 0 5 0 0 0 0 0 
22 15 [ ] 2 60 0 0 0 1 1 0 1 1 0 0 0 0 2 2 0 
23 30 [ ] 1 60 1 0 0 0 0 0 1 0 0 0 0 0 0 0 0 
24 15 [ ] 4 60 3 0 0 0 0 0 0 0 0 0 0 0 0 0 0 
25 15 [ 24 ] 4 60 1 0 0 5 2 0 1 0 0 1 1 0 4 0 0 
26 15 [ ] 2 60 0 0 0 0 0 0 0 0 0 4 0 0 1 0 0 
27 15 [ ] 1 60 5 0 0 1 1 0 0 0 0 3 2 0 0 0 0 
28 15 [ 26 27 ] 2 40 0 0 0 1 1 0 0 0 0 0 0 0 0 0 0 
29 120 [ ] 1 40 1 1 0 1 0 0 2 2 0 4 0 0 1 1 0 
30 120 [ ] 1 60 1 1 0 0 0 0 0 0 0 0 0 0 0 0 0 
31 15 [ ] 1 40 1 1 0 1 0 0 1 1 0 4 2 0 3 0 0 
32 30 [ ] 4 20 5 2 0 2 0 0 0 0 0 0 0 0 0 0 0 
33 30 [ ] 2 40 0 0 0 0 0 0 1 0 0 0 0 0 0 0 0 
34 15 [ 33 ] 2 60 0 0 0 1 0 0 1 0 0 0 0 0 1 0 0 
35 15 [ 33 34 ] 3 20 0 0 0 0 0 0 1 1 0 0 0 0 0 0 0 
36 30 [ 33 34 35 ] 3 60 5 0 0 1 1 0 4 3 0 1 1 0 1 1 0 
37 15 [ ] 1 60 1 1 0 4 3 0 2 2 0 0 0 0 4 2 0 
38 120 [ 36 37 ] 3 20 2 2 0 2 0 0 3 2 0 0 0 0 1 1 0 
39 15 [ ] 3 60 1 0 0 1 1 0 5 4 0 5 0 0 1 1 0 
40 15 [ ] 1 20 1 0 0 0 0 0 0 0 0 0 0 0 0 0 0 
41 15 [ ] 1 40 1 1 0 4 2 0 2 0 0 5 3 0 5 4 0 
42 15 [ ] 2 60 1 0 0 3 2 0 1 1 0 1 0 0 1 0 0 
43 15 [ ] 2 60 0 0 0 0 0 0 1 0 0 0 0 0 1 1 0 
44 15 [ ] 4 20 0 0 0 0 0 0 0 0 0 2 0 0 0 0 0 
45 15 [ ] 3 20 0 0 0 0 0 0 0 0 0 1 1 0 0 0 0 
46 15 [ 44 45 ] 4 40 0 0 0 4 0 0 0 0 0 0 0 0 4 0 0 
47 30 [ ] 3 40 1 1 0 1 0 0 0 0 0 2 0 0 3 2 0 
48 15 [ ] 3 20 5 3 0 0 0 0 0 0 0 0 0 0 1 1 0 
49 30 [ ] 2 60 2 0 0 1 1 0 1 1 0 0 0 0 5 5 0 
50 30 [ 49 ] 4 60 0 0 0 0 0 0 1 1 0 1 1 0 0 0 0 
51 15 [ ] 1 40 0 0 0 0 0 0 5 0 0 1 0 0 0 0 0 
52 30 [ ] 1 60 0 0 0 0 0 0 0 0 0 0 0 0 2 0 0 
53 15 [ ] 1 60 0 0 0 0 0 0 0 0 0 1 1 0 0 0 0 
54 15 [ ] 1 20 2 1 0 0 0 0 0 0 0 0 0 0 0 0 0 
55 120 [ ] 1 40 1 1 0 0 0 0 0 0 0 1 0 0 1 0 0 
56 15 [ ] 2 60 0 0 0 1 1 0 1 1 0 0 0 0 0 0 0 
57 30 [ ] 1 40 5 0 0 0 0 0 0 0 0 0 0 0 0 0 0 
58 30 [ 56 57 ] 3 20 0 0 0 2 1 0 0 0 0 0 0 0 0 0 0 
59 30 [ ] 1 40 0 0 0 0 0 0 0 0 0 0 0 0 1 0 0 
60 30 [ ] 3 40 4 2 0 0 0 0 1 1 0 0 0 0 0 0 0 
61 15 [ ] 2 40 1 1 0 0 0 0 1 1 0 1 0 0 0 0 0 
62 15 [ ] 1 60 0 0 0 1 1 0 0 0 0 0 0 0 0 0 0 
63 15 [ ] 2 60 0 0 0 1 1 0 0 0 0 1 0 0 0 0 0 
64 15 [ ] 4 60 2 2 0 1 0 0 5 3 0 4 0 0 3 2 0 
65 120 [ 64 ] 4 40 2 2 0 1 0 0 1 1 0 4 0 0 1 0 0 
66 30 [ ] 1 20 0 0 0 1 0 0 1 1 0 1 1 0 1 1 0 
67 15 [ ] 4 60 0 0 0 2 0 0 4 3 0 1 1 0 0 0 0 
68 15 [ ] 1 40 1 0 0 1 1 0 4 0 0 1 1 0 1 1 0 
69 30 [ 66 67 68 ] 4 60 0 0 0 0 0 0 5 0 0 0 0 0 2 0 0 
70 15 [ ] 3 40 3 1 0 1 1 0 1 1 0 1 1 0 3 3 0 
71 15 [ 69 70 ] 4 20 2 0 0 0 0 0 1 0 0 1 1 0 0 0 0 
72 15 [ ] 2 60 0 0 0 0 0 0 4 2 0 0 0 0 0 0 0 
73 30 [ 70 71 72 ] 4 20 0 0 0 0 0 0 5 5 0 0 0 0 1 1 0 
74 30 [ ] 4 60 0 0 0 1 0 0 4 0 0 0 0 0 0 0 0 
75 15 [ 73 74 ] 4 20 2 0 0 0 0 0 0 0 0 0 0 0 1 1 0 
76 15 [ ] 3 60 0 0 0 0 0 0 0 0 0 0 0 0 1 0 0 
77 15 [ ] 4 60 0 0 0 1 1 0 0 0 0 0 0 0 0 0 0 
78 120 [ ] 2 60 0 0 0 4 0 0 0 0 0 0 0 0 1 0 0 
79 120 [ ] 1 60 0 0 0 1 0 0 0 0 0 0 0 0 0 0 0 
80 30 [ 77 78 79 ] 4 20 5 0 0 1 0 0 5 0 0 5 0 0 1 1 0 
81 15 [ ] 4 60 4 2 0 1 1 0 1 0 0 1 0 0 1 0 0 
82 30 [ ] 1 60 1 1 0 0 0 0 0 0 0 1 0 0 0 0 0 
83 15 [ 82 ] 3 20 0 0 0 0 0 0 0 0 0 5 2 0 1 0 0 
84 15 [ ] 4 60 0 0 0 0 0 0 0 0 0 0 0 0 1 0 0 
85 15 [ ] 1 40 0 0 0 0 0 0 0 0 0 5 4 0 0 0 0 
86 15 [ ] 1 40 0 0 0 0 0 0 4 0 0 0 0 0 0 0 0 
87 15 [ ] 1 40 0 0 0 0 0 0 0 0 0 0 0 0 5 0 0 
88 30 [ ] 3 40 0 0 0 1 1 0 1 1 0 1 0 0 0 0 0 
89 15 [ ] 1 20 1 0 0 5 3 0 1 0 0 1 1 0 1 1 0 
90 15 [ ] 1 60 0 0 0 1 0 0 0 0 0 1 1 0 0 0 0 
91 15 [ ] 4 40 0 0 0 0 0 0 0 0 0 0 0 0 4 0 0 
92 15 [ 90 91 ] 4 40 0 0 0 1 1 0 0 0 0 1 1 0 0 0 0 
93 30 [ 91 92 ] 4 60 1 1 0 0 0 0 0 0 0 4 0 0 0 0 0 
94 30 [ ] 4 20 1 1 0 1 1 0 1 0 0 1 0 0 0 0 0 
95 15 [ ] 1 40 0 0 0 1 1 0 0 0 0 0 0 0 0 0 0 
96 30 [ ] 1 20 1 1 0 0 0 0 4 0 0 1 0 0 1 1 0 
97 15 [ ] 4 20 4 2 0 1 1 0 0 0 0 1 0 0 1 0 0 
98 120 [ ] 3 60 0 0 0 0 0 0 0 0 0 5 3 0 0 0 0 
99 15 [ ] 1 40 1 1 0 1 0 0 2 2 0 5 0 0 4 0 0 
100 30 [ ] 1 20 1 1 0 1 1 0 1 0 0 1 0 0 5 0 0 
101 15 [ ] 2 20 0 0 0 1 0 0 1 1 0 0 0 0 0 0 0 
102 15 [ ] 1 60 0 0 0 1 0 0 0 0 0 0 0 0 0 0 0 
103 15 [ ] 4 20 4 3 0 1 1 0 2 2 0 1 1 0 0 0 0 
104 15 [ ] 3 40 0 0 0 0 0 0 1 0 0 0 0 0 0 0 0 
105 15 [ ] 2 60 2 2 0 0 0 0 0 0 0 1 0 0 0 0 0 
106 15 [ ] 4 40 0 0 0 1 1 0 0 0 0 0 0 0 0 0 0 
107 30 [ ] 3 20 1 0 0 0 0 0 0 0 0 0 0 0 0 0 0 
108 15 [ ] 1 40 0 0 0 2 1 0 0 0 0 1 1 0 0 0 0 
109 15 [ ] 1 60 0 0 0 0 0 0 0 0 0 0 0 0 1 0 0 
110 120 [ ] 4 20 1 1 0 5 0 0 0 0 0 0 0 0 5 0 0 
111 15 [ ] 3 40 0 0 0 0 0 0 0 0 0 1 0 0 0 0 0 
112 30 [ ] 3 60 0 0 0 0 0 0 0 0 0 1 1 0 1 0 0 
113 15 [ ] 1 60 0 0 0 0 0 0 0 0 0 1 0 0 0 0 0 
114 15 [ ] 1 40 0 0 0 0 0 0 1 0 0 0 0 0 2 0 0 
115 15 [ ] 2 40 0 0 0 1 0 0 0 0 0 4 1 0 0 0 0 
116 30 [ ] 1 60 0 0 0 0 0 0 0 0 0 1 1 0 1 1 0 
117 15 [ ] 1 60 0 0 0 0 0 0 0 0 0 0 0 0 1 1 0 
118 15 [ ] 2 60 0 0 0 0 0 0 0 0 0 0 0 0 1 1 0 
119 120 [ ] 1 20 0 0 0 1 1 0 0 0 0 2 0 0 1 0 0 
120 30 [ ] 1 60 0 0 0 0 0 0 0 0 0 1 0 0 0 0 0 
121 15 [ ] 1 40 1 1 0 0 0 0 5 0 0 0 0 0 0 0 0 
122 15 [ 120 121 ] 1 40 5 0 0 1 1 0 3 1 0 1 0 0 1 0 0 
123 15 [ ] 1 60 0 0 0 0 0 0 0 0 0 1 0 0 0 0 0 
124 30 [ 123 ] 1 40 3 0 0 1 0 0 1 1 0 1 1 0 2 0 0 
125 15 [ ] 4 40 0 0 0 0 0 0 1 1 0 0 0 0 4 0 0 
126 15 [ ] 1 20 5 3 0 3 0 0 1 0 0 0 0 0 5 0 0 
127 30 [ 124 125 126 ] 4 40 0 0 0 0 0 0 1 1 0 0 0 0 0 0 0 
128 15 [ 126 127 ] 4 60 1 1 0 0 0 0 1 1 0 0 0 0 0 0 0 
129 15 [ ] 2 40 1 0 0 1 0 0 1 0 0 2 2 0 1 1 0 
130 15 [ 128 129 ] 4 40 0 0 0 0 0 0 3 3 0 1 1 0 0 0 0 
131 30 [ ] 2 20 5 2 0 0 0 0 5 0 0 1 1 0 1 0 0 
132 15 [ ] 4 20 0 0 0 0 0 0 0 0 0 0 0 0 5 0 0 
133 15 [ 130 131 132 ] 4 20 0 0 0 4 0 0 3 0 0 5 4 0 1 0 0 
134 30 [ 133 ] 4 60 0 0 0 0 0 0 1 0 0 0 0 0 0 0 0 
135 15 [ ] 3 40 0 0 0 0 0 0 1 0 0 0 0 0 1 0 0 
136 15 [ 135 ] 3 40 0 0 0 4 0 0 0 0 0 0 0 0 0 0 0 
137 15 [ ] 3 40 4 0 0 2 0 0 0 0 0 0 0 0 1 1 0 
138 30 [ ] 1 40 1 1 0 1 1 0 3 0 0 1 1 0 0 0 0 
139 15 [ ] 2 60 0 0 0 2 2 0 0 0 0 2 0 0 0 0 0 
140 15 [ ] 2 60 2 0 0 1 0 0 1 0 0 1 1 0 1 1 0 
141 120 [ ] 1 60 0 0 0 1 0 0 0 0 0 1 0 0 0 0 0 
142 30 [ ] 1 40 2 0 0 1 1 0 0 0 0 1 0 0 1 1 0 
143 15 [ ] 4 60 3 0 0 0 0 0 0 0 0 0 0 0 1 0 0 
144 15 [ 141 142 143 ] 4 60 0 0 0 0 0 0 0 0 0 0 0 0 1 1 0 
145 30 [ 142 143 144 ] 4 20 1 1 0 1 0 0 0 0 0 4 0 0 0 0 0 
146 30 [ 145 ] 4 20 0 0 0 0 0 0 0 0 0 4 0 0 0 0 0 
147 15 [ ] 1 40 4 0 0 0 0 0 5 2 0 0 0 0 1 1 0 
148 15 [ ] 1 20 3 1 0 0 0 0 0 0 0 0 0 0 0 0 0 
149 15 [ ] 2 20 1 0 0 0 0 0 0 0 0 0 0 0 0 0 0 
150 30 [ ] 1 60 0 0 0 0 0 0 1 1 0 0 0 0 0 0 0 
151 15 [ 148 149 150 ] 2 20 4 0 0 3 0 0 1 0 0 3 3 0 1 0 0 
152 30 [ ] 4 40 0 0 0 0 0 0 1 0 0 0 0 0 0 0 0 
153 15 [ ] 4 20 1 1 0 0 0 0 0 0 0 0 0 0 0 0 0 
154 30 [ ] 4 60 3 0 0 4 3 0 5 0 0 0 0 0 1 1 0 
155 15 [ 154 ] 4 20 0 0 0 1 0 0 0 0 0 0 0 0 0 0 0 
156 30 [ ] 1 20 0 0 0 4 0 0 3 2 0 0 0 0 0 0 0 
157 15 [ ] 1 20 0 0 0 3 0 0 2 2 0 2 0 0 0 0 0 
158 15 [ ] 2 20 0 0 0 1 1 0 0 0 0 0 0 0 0 0 0 
159 15 [ 157 158 ] 4 20 1 1 0 0 0 0 0 0 0 0 0 0 0 0 0 
160 15 [ 158 159 ] 4 40 1 1 0 0 0 0 0 0 0 0 0 0 0 0 0 
161 15 [ ] 4 60 2 0 0 1 1 0 1 0 0 3 1 0 1 0 0 
162 30 [ ] 1 20 0 0 0 0 0 0 0 0 0 0 0 0 5 0 0 
163 30 [ 160 161 162 ] 4 60 1 0 0 3 2 0 1 1 0 1 1 0 4 2 0 
164 15 [ ] 3 60 0 0 0 1 0 0 0 0 0 0 0 0 0 0 0 
165 30 [ ] 4 60 0 0 0 4 3 0 0 0 0 0 0 0 0 0 0 
166 120 [ ] 1 20 1 1 0 0 0 0 0 0 0 1 1 0 0 0 0 
167 15 [ 166 ] 3 40 1 1 0 0 0 0 1 1 0 2 1 0 2 2 0 
168 15 [ ] 2 20 0 0 0 0 0 0 0 0 0 0 0 0 5 0 0 
169 15 [ ] 1 60 1 0 0 4 0 0 1 0 0 5 1 0 1 1 0 
170 15 [ 168 169 ] 3 40 0 0 0 0 0 0 0 0 0 2 2 0 0 0 0 
171 15 [ ] 2 40 1 1 0 3 2 0 0 0 0 0 0 0 0 0 0 
172 30 [ ] 1 20 0 0 0 0 0 0 0 0 0 0 0 0 1 1 0 
173 15 [ 170 171 172 ] 3 40 3 0 0 0 0 0 4 1 0 2 2 0 0 0 0 
174 15 [ ] 2 60 0 0 0 5 2 0 0 0 0 0 0 0 0 0 0 
175 30 [ 174 ] 4 60 0 0 0 0 0 0 5 0 0 0 0 0 4 2 0 
176 15 [ 175 ] 4 20 0 0 0 1 0 0 5 4 0 0 0 0 0 0 0 
177 30 [ ] 3 20 4 0 0 0 0 0 0 0 0 1 0 0 2 0 0 
178 15 [ ] 1 60 0 0 0 0 0 0 0 0 0 5 2 0 5 0 0 
179 120 [ 177 178 ] 3 20 5 2 0 0 0 0 0 0 0 0 0 0 0 0 0 
180 15 [ ] 4 60 1 1 0 1 1 0 1 1 0 1 0 0 1 1 0 
181 30 [ ] 3 40 0 0 0 0 0 0 1 1 0 0 0 0 0 0 0 
182 15 [ ] 3 40 0 0 0 0 0 0 0 0 0 0 0 0 3 0 0 
183 15 [ 180 181 182 ] 4 40 0 0 0 0 0 0 2 0 0 0 0 0 0 0 0 
184 15 [ ] 2 20 1 1 0 1 0 0 1 1 0 5 0 0 1 1 0 
185 15 [ ] 1 20 5 0 0 0 0 0 0 0 0 1 1 0 1 0 0 
186 15 [ ] 3 60 1 0 0 3 1 0 1 0 0 1 1 0 1 1 0 
187 15 [ 185 186 ] 3 40 0 0 0 0 0 0 5 3 0 0 0 0 1 1 0 
188 15 [ 186 187 ] 3 40 1 0 0 0 0 0 3 0 0 5 0 0 0 0 0 
189 15 [ 186 187 188 ] 3 60 1 0 0 1 0 0 1 0 0 1 1 0 1 0 0 
190 120 [ 188 189 ] 4 20 1 0 0 4 3 0 1 1 0 1 1 0 5 0 0 
191 30 [ ] 1 40 5 3 0 1 0 0 1 1 0 1 0 0 1 1 0 
192 15 [ ] 1 20 0 0 0 0 0 0 1 1 0 0 0 0 0 0 0 
193 15 [ ] 1 40 0 0 0 0 0 0 5 3 0 0 0 0 0 0 0 
194 15 [ ] 3 40 5 0 0 0 0 0 0 0 0 4 3 0 0 0 0 
195 120 [ ] 3 40 0 0 0 0 0 0 4 1 0 2 2 0 3 2 0 
196 120 [ ] 4 20 0 0 0 0 0 0 1 0 0 0 0 0 0 0 0 
197 15 [ ] 1 60 0 0 0 0 0 0 1 1 0 1 0 0 0 0 0 
198 30 [ ] 2 60 0 0 0 0 0 0 0 0 0 2 1 0 0 0 0 
199 15 [ ] 1 20 1 1 0 0 0 0 0 0 0 0 0 0 5 1 0 
200 30 [ 197 198 199 ] 4 40 0 0 0 0 0 0 3 0 0 0 0 0 1 1 0 
201 30 [ ] 3 60 0 0 0 1 0 0 3 2 0 0 0 0 0 0 0 
202 30 [ ] 2 40 0 0 0 1 0 0 0 0 0 0 0 0 0 0 0 
203 15 [ ] 1 20 0 0 0 0 0 0 1 0 0 1 1 0 2 1 0 
204 30 [ ] 1 60 1 1 0 1 0 0 0 0 0 0 0 0 0 0 0 
205 30 [ ] 1 40 1 0 0 1 1 0 1 1 0 0 0 0 3 0 0 
206 30 [ 203 204 205 ] 3 60 1 0 0 1 1 0 0 0 0 0 0 0 0 0 0 
207 15 [ ] 1 20 0 0 0 0 0 0 1 0 0 0 0 0 1 1 0 
208 30 [ 205 206 207 ] 4 20 1 1 0 0 0 0 0 0 0 0 0 0 3 2 0 
209 15 [ ] 1 20 1 1 0 0 0 0 0 0 0 0 0 0 0 0 0 
210 120 [ ] 3 60 2 1 0 0 0 0 5 0 0 1 1 0 0 0 0 
211 15 [ ] 2 20 0 0 0 0 0 0 0 0 0 0 0 0 3 0 0 
212 120 [ ] 1 60 0 0 0 0 0 0 2 2 0 0 0 0 1 1 0 
213 120 [ ] 1 40 0 0 0 0 0 0 0 0 0 0 0 0 1 1 0 
214 30 [ ] 4 60 0 0 0 1 1 0 0 0 0 0 0 0 0 0 0 
215 15 [ ] 2 60 0 0 0 0 0 0 0 0 0 1 1 0 4 2 0 
216 15 [ ] 1 40 0 0 0 0 0 0 1 1 0 1 1 0 0 0 0 
217 15 [ 216 ] 2 60 5 2 0 1 1 0 5 0 0 1 0 0 0 0 0 
218 15 [ ] 2 40 0 0 0 1 1 0 0 0 0 0 0 0 5 0 0 
219 15 [ ] 1 20 0 0 0 0 0 0 5 5 0 0 0 0 0 0 0 
220 30 [ ] 1 40 0 0 0 1 1 0 0 0 0 0 0 0 0 0 0 
221 15 [ ] 1 60 0 0 0 5 0 0 1 1 0 1 0 0 0 0 0 
222 15 [ ] 4 40 1 0 0 0 0 0 1 0 0 1 0 0 0 0 0 
223 30 [ ] 4 60 1 0 0 5 2 0 3 2 0 2 0 0 2 2 0 
224 30 [ 221 222 223 ] 4 20 3 3 0 0 0 0 1 1 0 0 0 0 0 0 0 
225 30 [ ] 1 60 0 0 0 1 0 0 0 0 0 1 0 0 0 0 0 
226 30 [ ] 2 60 3 1 0 1 0 0 4 0 0 1 0 0 2 0 0 
227 15 [ 224 225 226 ] 4 20 0 0 0 1 0 0 0 0 0 0 0 0 5 0 0 
228 120 [ ] 1 20 0 0 0 0 0 0 1 0 0 0 0 0 0 0 0 
229 15 [ 227 228 ] 4 40 0 0 0 1 1 0 0 0 0 0 0 0 0 0 0 
230 15 [ ] 1 40 0 0 0 5 0 0 0 0 0 0 0 0 1 1 0 
231 15 [ 230 ] 3 40 4 2 0 1 0 0 0 0 0 1 0 0 1 1 0 
232 120 [ ] 1 40 1 1 0 0 0 0 0 0 0 0 0 0 0 0 0 
233 30 [ ] 1 40 0 0 0 0 0 0 0 0 0 0 0 0 1 0 0 
234 30 [ ] 2 40 1 1 0 0 0 0 0 0 0 0 0 0 0 0 0 
235 30 [ ] 1 20 0 0 0 0 0 0 4 0 0 0 0 0 0 0 0 
236 15 [ ] 1 20 4 3 0 2 1 0 3 1 0 1 1 0 1 0 0 
237 120 [ ] 1 60 0 0 0 4 0 0 0 0 0 0 0 0 0 0 0 
238 15 [ ] 4 40 1 1 0 1 0 0 1 0 0 0 0 0 2 2 0 
239 15 [ ] 3 40 0 0 0 0 0 0 1 1 0 0 0 0 0 0 0 
240 120 [ ] 2 20 1 0 0 0 0 0 0 0 0 1 0 0 0 0 0 
241 15 [ ] 4 40 2 1 0 1 1 0 1 0 0 2 0 0 5 0 0 
242 30 [ 240 241 ] 4 40 0 0 0 0 0 0 4 2 0 0 0 0 0 0 0 
243 30 [ 240 241 242 ] 4 20 0 0 0 0 0 0 0 0 0 0 0 0 1 1 0 
244 120 [ ] 1 20 3 0 0 5 0 0 1 1 0 1 1 0 0 0 0 
245 15 [ ] 1 40 1 1 0 0 0 0 0 0 0 5 0 0 0 0 0 
246 15 [ ] 1 20 1 0 0 0 0 0 0 0 0 1 0 0 0 0 0 
247 120 [ ] 2 40 1 0 0 1 1 0 5 0 0 0 0 0 0 0 0 
248 15 [ ] 4 40 0 0 0 0 0 0 0 0 0 1 0 0 1 1 0 
249 15 [ ] 4 60 0 0 0 1 0 0 0 0 0 0 0 0 0 0 0 
250 120 [ ] 3 40 4 0 0 0 0 0 0 0 0 0 0 0 4 3 0 
251 15 [ ] 2 40 0 0 0 0 0 0 1 0 0 0 0 0 1 1 0 
252 15 [ 250 251 ] 3 60 0 0 0 3 0 0 2 0 0 1 1 0 0 0 0 
253 15 [ ] 1 20 0 0 0 0 0 0 0 0 0 1 1 0 0 0 0 
254 15 [ ] 2 40 0 0 0 0 0 0 0 0 0 0 0 0 1 0 0 
255 15 [ 253 254 ] 3 20 2 0 0 5 0 0 1 0 0 1 1 0 1 0 0 
256 15 [ ] 2 20 5 0 0 0 0 0 0 0 0 0 0 0 0 0 0 
257 15 [ ] 3 20 1 1 0 1 1 0 1 0 0 1 1 0 0 0 0 
258 15 [ ] 4 40 1 1 0 0 0 0 1 0 0 0 0 0 1 0 0 
259 15 [ ] 1 20 1 1 0 2 1 0 1 1 0 1 1 0 1 1 0 
260 15 [ ] 1 40 0 0 0 0 0 0 1 0 0 0 0 0 0 0 0 
261 120 [ ] 1 60 1 0 0 0 0 0 1 0 0 0 0 0 3 0 0 
262 30 [ 261 ] 1 20 1 1 0 0 0 0 1 0 0 0 0 0 5 0 0 
263 30 [ ] 1 60 0 0 0 0 0 0 0 0 0 1 0 0 0 0 0 
264 15 [ ] 4 20 0 0 0 0 0 0 0 0 0 1 0 0 5 0 0 
265 30 [ ] 1 20 0 0 0 0 0 0 0 0 0 0 0 0 4 3 0 
266 120 [ ] 3 60 1 0 0 0 0 0 0 0 0 2 0 0 0 0 0 
267 30 [ ] 1 60 0 0 0 0 0 0 4 2 0 0 0 0 0 0 0 
268 15 [ ] 2 60 2 0 0 0 0 0 0 0 0 0 0 0 1 1 0 
269 15 [ ] 4 60 0 0 0 5 0 0 0 0 0 0 0 0 0 0 0 
270 15 [ ] 2 60 0 0 0 0 0 0 3 2 0 0 0 0 0 0 0 
271 15 [ 270 ] 4 20 0 0 0 0 0 0 0 0 0 0 0 0 1 0 0 
272 15 [ 270 271 ] 4 40 0 0 0 1 1 0 0 0 0 0 0 0 0 0 0 
273 30 [ ] 2 40 0 0 0 0 0 0 5 4 0 0 0 0 5 2 0 
274 15 [ ] 1 40 1 0 0 1 0 0 1 0 0 1 1 0 4 4 0 
275 30 [ ] 1 60 0 0 0 1 1 0 0 0 0 0 0 0 0 0 0 
276 15 [ ] 1 60 0 0 0 0 0 0 1 0 0 0 0 0 0 0 0 
277 30 [ ] 3 60 4 0 0 4 0 0 1 0 0 0 0 0 0 0 0 
278 15 [ ] 1 40 0 0 0 0 0 0 1 1 0 0 0 0 0 0 0 
279 30 [ ] 1 60 1 0 0 0 0 0 3 0 0 0 0 0 1 1 0 
280 15 [ ] 4 40 1 0 0 1 0 0 0 0 0 4 0 0 0 0 0 
281 30 [ ] 3 40 2 1 0 0 0 0 0 0 0 0 0 0 0 0 0 
282 15 [ ] 1 20 1 0 0 1 1 0 4 0 0 0 0 0 3 0 0 
283 120 [ ] 1 20 2 0 0 0 0 0 0 0 0 0 0 0 1 1 0 
284 30 [ 282 283 ] 1 20 0 0 0 3 0 0 0 0 0 0 0 0 2 2 0 
285 15 [ ] 3 20 0 0 0 0 0 0 0 0 0 5 0 0 0 0 0 
286 30 [ 283 284 285 ] 3 20 0 0 0 0 0 0 1 0 0 0 0 0 0 0 0 
287 15 [ ] 4 40 3 0 0 0 0 0 1 0 0 1 0 0 1 1 0 
288 30 [ ] 2 20 0 0 0 1 1 0 0 0 0 0 0 0 0 0 0 
289 15 [ ] 1 40 5 1 0 0 0 0 0 0 0 0 0 0 0 0 0 
290 15 [ ] 1 20 5 1 0 5 0 0 0 0 0 0 0 0 0 0 0 
291 30 [ 289 290 ] 4 20 0 0 0 0 0 0 4 2 0 0 0 0 0 0 0 
292 15 [ 289 290 291 ] 4 20 0 0 0 0 0 0 1 0 0 0 0 0 0 0 0 
293 15 [ 292 ] 4 20 3 0 0 0 0 0 0 0 0 0 0 0 0 0 0 
294 15 [ ] 1 40 0 0 0 0 0 0 1 1 0 1 0 0 0 0 0 
295 30 [ ] 2 20 0 0 0 0 0 0 1 0 0 2 2 0 0 0 0 
296 15 [ 295 ] 4 40 1 1 0 1 0 0 0 0 0 0 0 0 0 0 0 
297 15 [ ] 4 60 1 0 0 4 2 0 4 2 0 1 1 0 1 0 0 
298 30 [ ] 1 60 1 0 0 0 0 0 1 1 0 0 0 0 1 1 0 
299 30 [ ] 1 40 1 1 0 1 1 0 3 0 0 0 0 0 1 0 0 
300 30 [ 299 ] 1 20 1 0 0 0 0 0 0 0 0 0 0 0 0 0 0 
