tech d1 d2 d3 d4 d5 dispo
1 0 0 3 1 1 [ ]
2 1 0 1 1 1 [ ]
3 2 1 1 0 1 [ ]
4 1 0 2 0 1 [ ]
5 1 3 3 2 2 [ ]
6 1 3 0 1 2 [ 3 15 ]
7 0 3 0 3 0 [ 3 10 ]
8 3 2 0 1 1 [ 26 28 ]
9 2 3 0 0 3 [ ]
10 0 2 1 2 2 [ ]
11 1 0 3 2 2 [ 12 13 ]
12 3 1 1 0 2 [ 5 ]
13 2 2 2 1 2 [ 29 ]
14 1 2 2 2 3 [ 22 ]
15 3 2 1 0 0 [ 6 24 ]
16 2 1 2 1 0 [ ]
17 0 2 1 3 3 [ ]
18 3 0 2 3 3 [ ]
19 0 1 3 3 0 [ ]
20 0 3 2 3 0 [ 16 21 ]
21 3 2 0 3 0 [ ]
22 1 0 1 0 1 [ 11 ]
23 1 1 1 3 0 [ ]
24 2 3 2 0 0 [ 1 6 ]
25 3 3 1 0 2 [ 28 ]
26 0 1 2 3 1 [ 5 ]
27 0 2 0 0 2 [ ]
28 3 2 1 3 3 [ ]
29 0 1 1 1 0 [ 12 24 ]
30 0 3 0 1 0 [ ]
