number time preds prio cost d1_1 d1_2 d1_3 d1_4 d2_1 d2_2 d2_3 d2_4 d3_1 d3_2 d3_3 d3_4 d4_1 d4_2 d4_3 d4_4 d5_1 d5_2 d5_3 d5_4  
1 15 [ ] 2 100 0 0 0 0 0 0 0 0 5 3 2 1 0 0 0 0 0 0 0 0 
2 60 [ ] 2 300 0 0 0 0 1 1 1 0 0 0 0 0 0 0 0 0 0 0 0 0 
3 60 [ 2 ] 2 200 0 0 0 0 0 0 0 0 4 0 0 0 0 0 0 0 0 0 0 0 
4 16 [ ] 3 200 0 0 0 0 0 0 0 0 0 0 0 0 0 0 0 0 4 3 2 0 
5 15 [ ] 1 600 0 0 0 0 0 0 0 0 2 1 0 0 0 0 0 0 0 0 0 0 
6 60 [ ] 1 100 0 0 0 0 0 0 0 0 1 0 0 0 0 0 0 0 0 0 0 0 
7 60 [ ] 1 300 0 0 0 0 0 0 0 0 1 0 0 0 0 0 0 0 0 0 0 0 
8 60 [ ] 1 200 0 0 0 0 0 0 0 0 0 0 0 0 1 0 0 0 0 0 0 0 
9 60 [ ] 1 400 0 0 0 0 0 0 0 0 1 1 0 0 0 0 0 0 0 0 0 0 
10 60 [ ] 1 200 0 0 0 0 4 4 2 0 0 0 0 0 0 0 0 0 0 0 0 0 
11 60 [ ] 1 300 0 0 0 0 0 0 0 0 5 3 2 1 0 0 0 0 0 0 0 0 
12 92 [ ] 1 100 0 0 0 0 1 1 1 1 0 0 0 0 3 3 0 0 1 1 1 0 
13 120 [ ] 1 200 0 0 0 0 1 0 0 0 0 0 0 0 0 0 0 0 0 0 0 0 
14 15 [ ] 1 100 0 0 0 0 0 0 0 0 0 0 0 0 0 0 0 0 1 1 1 0 
15 60 [ ] 2 200 0 0 0 0 0 0 0 0 1 1 1 1 0 0 0 0 0 0 0 0 
16 60 [ ] 1 300 0 0 0 0 0 0 0 0 0 0 0 0 1 1 1 0 0 0 0 0 
17 15 [ 14 15 16 ] 3 100 0 0 0 0 0 0 0 0 1 0 0 0 1 0 0 0 0 0 0 0 
18 60 [ ] 1 300 0 0 0 0 0 0 0 0 1 0 0 0 0 0 0 0 0 0 0 0 
19 60 [ ] 1 150 0 0 0 0 0 0 0 0 0 0 0 0 0 0 0 0 1 0 0 0 
20 60 [ ] 1 100 1 1 0 0 0 0 0 0 0 0 0 0 0 0 0 0 0 0 0 0 
21 60 [ ] 2 100 0 0 0 0 0 0 0 0 0 0 0 0 1 0 0 0 0 0 0 0 
22 60 [ ] 1 300 1 0 0 0 2 2 1 1 1 1 0 0 3 2 0 0 1 1 0 0 
23 120 [ ] 3 200 0 0 0 0 1 0 0 0 0 0 0 0 0 0 0 0 5 0 0 0 
24 120 [ ] 1 200 0 0 0 0 0 0 0 0 1 0 0 0 0 0 0 0 0 0 0 0 
25 60 [ ] 1 100 0 0 0 0 1 1 1 1 0 0 0 0 0 0 0 0 0 0 0 0 
26 116 [ ] 1 300 0 0 0 0 0 0 0 0 1 1 0 0 0 0 0 0 0 0 0 0 
27 120 [ 25 26 ] 1 300 1 1 1 1 0 0 0 0 0 0 0 0 0 0 0 0 0 0 0 0 
28 60 [ ] 3 100 0 0 0 0 3 0 0 0 0 0 0 0 0 0 0 0 0 0 0 0 
29 60 [ ] 1 100 1 1 1 1 1 1 0 0 5 0 0 0 3 2 0 0 1 0 0 0 
30 60 [ ] 1 300 0 0 0 0 1 0 0 0 0 0 0 0 0 0 0 0 0 0 0 0 
31 60 [ ] 1 100 1 0 0 0 0 0 0 0 0 0 0 0 0 0 0 0 0 0 0 0 
32 60 [ ] 1 200 4 0 0 0 0 0 0 0 0 0 0 0 0 0 0 0 0 0 0 0 
33 60 [ ] 2 50 1 1 0 0 0 0 0 0 0 0 0 0 1 1 1 1 0 0 0 0 
34 60 [ ] 1 600 0 0 0 0 0 0 0 0 0 0 0 0 5 4 0 0 0 0 0 0 
35 60 [ ] 1 100 1 1 0 0 0 0 0 0 0 0 0 0 0 0 0 0 0 0 0 0 
36 60 [ ] 1 100 0 0 0 0 0 0 0 0 0 0 0 0 0 0 0 0 5 3 3 0 
37 15 [ ] 1 600 1 1 1 1 0 0 0 0 0 0 0 0 0 0 0 0 0 0 0 0 
38 60 [ ] 1 50 0 0 0 0 0 0 0 0 0 0 0 0 1 1 0 0 0 0 0 0 
39 15 [ ] 1 200 0 0 0 0 0 0 0 0 0 0 0 0 4 2 0 0 0 0 0 0 
40 120 [ ] 1 200 1 1 1 1 0 0 0 0 0 0 0 0 1 1 0 0 0 0 0 0 
41 15 [ ] 1 100 0 0 0 0 1 1 0 0 0 0 0 0 0 0 0 0 1 0 0 0 
42 60 [ ] 1 150 0 0 0 0 5 4 2 0 0 0 0 0 0 0 0 0 0 0 0 0 
43 60 [ ] 3 100 0 0 0 0 0 0 0 0 0 0 0 0 1 1 0 0 0 0 0 0 
44 60 [ ] 2 400 0 0 0 0 0 0 0 0 1 1 0 0 0 0 0 0 0 0 0 0 
45 60 [ 44 ] 3 50 1 1 1 1 5 5 4 0 0 0 0 0 1 1 0 0 5 0 0 0 
46 60 [ ] 2 200 0 0 0 0 1 1 0 0 0 0 0 0 0 0 0 0 0 0 0 0 
47 60 [ ] 2 150 0 0 0 0 0 0 0 0 1 1 0 0 0 0 0 0 0 0 0 0 
48 60 [ 46 47 ] 2 300 0 0 0 0 0 0 0 0 5 0 0 0 0 0 0 0 0 0 0 0 
49 60 [ ] 2 100 0 0 0 0 1 1 1 0 1 0 0 0 0 0 0 0 0 0 0 0 
50 15 [ ] 1 100 4 3 0 0 0 0 0 0 1 1 1 0 0 0 0 0 0 0 0 0 
51 60 [ ] 3 200 0 0 0 0 0 0 0 0 1 1 0 0 0 0 0 0 0 0 0 0 
52 15 [ ] 1 200 0 0 0 0 0 0 0 0 0 0 0 0 0 0 0 0 4 0 0 0 
53 120 [ ] 1 200 0 0 0 0 1 1 1 1 0 0 0 0 0 0 0 0 0 0 0 0 
54 15 [ ] 1 50 0 0 0 0 0 0 0 0 1 0 0 0 0 0 0 0 0 0 0 0 
55 60 [ ] 1 200 0 0 0 0 1 0 0 0 0 0 0 0 0 0 0 0 0 0 0 0 
56 60 [ 54 55 ] 1 150 0 0 0 0 1 1 0 0 0 0 0 0 0 0 0 0 0 0 0 0 
57 60 [ ] 3 100 0 0 0 0 0 0 0 0 0 0 0 0 1 1 1 0 0 0 0 0 
58 15 [ ] 1 400 5 0 0 0 0 0 0 0 0 0 0 0 0 0 0 0 0 0 0 0 
59 60 [ ] 1 300 0 0 0 0 0 0 0 0 0 0 0 0 1 0 0 0 0 0 0 0 
60 120 [ ] 3 100 0 0 0 0 1 1 0 0 0 0 0 0 0 0 0 0 0 0 0 0 
61 60 [ ] 1 200 5 2 0 0 0 0 0 0 1 0 0 0 0 0 0 0 0 0 0 0 
62 60 [ ] 3 200 0 0 0 0 1 1 1 0 0 0 0 0 0 0 0 0 0 0 0 0 
63 60 [ ] 1 300 0 0 0 0 0 0 0 0 1 1 1 1 0 0 0 0 0 0 0 0 
64 60 [ ] 1 600 0 0 0 0 1 0 0 0 0 0 0 0 0 0 0 0 0 0 0 0 
65 60 [ ] 1 300 0 0 0 0 1 1 1 1 0 0 0 0 0 0 0 0 0 0 0 0 
66 120 [ ] 1 600 1 1 0 0 2 0 0 0 1 1 0 0 1 1 1 0 1 0 0 0 
67 15 [ ] 2 400 0 0 0 0 0 0 0 0 0 0 0 0 0 0 0 0 1 0 0 0 
68 60 [ ] 1 300 1 0 0 0 0 0 0 0 0 0 0 0 0 0 0 0 0 0 0 0 
69 15 [ 65 66 67 68 ] 2 600 0 0 0 0 0 0 0 0 0 0 0 0 1 0 0 0 0 0 0 0 
70 120 [ ] 1 400 1 1 1 1 0 0 0 0 0 0 0 0 0 0 0 0 0 0 0 0 
71 15 [ ] 3 600 0 0 0 0 1 1 0 0 0 0 0 0 0 0 0 0 0 0 0 0 
72 60 [ ] 1 100 0 0 0 0 0 0 0 0 0 0 0 0 3 2 2 2 0 0 0 0 
73 60 [ 72 ] 1 400 0 0 0 0 0 0 0 0 0 0 0 0 4 4 4 4 0 0 0 0 
74 120 [ 73 ] 1 100 4 2 0 0 0 0 0 0 0 0 0 0 0 0 0 0 0 0 0 0 
75 60 [ ] 1 600 1 1 1 0 0 0 0 0 0 0 0 0 0 0 0 0 0 0 0 0 
76 60 [ ] 1 100 1 1 1 0 0 0 0 0 0 0 0 0 0 0 0 0 0 0 0 0 
77 60 [ ] 1 200 5 0 0 0 0 0 0 0 0 0 0 0 0 0 0 0 0 0 0 0 
78 15 [ 74 75 76 77 ] 2 100 1 1 1 1 0 0 0 0 0 0 0 0 0 0 0 0 0 0 0 0 
79 60 [ ] 1 150 5 4 0 0 0 0 0 0 0 0 0 0 0 0 0 0 0 0 0 0 
80 60 [ ] 1 150 0 0 0 0 0 0 0 0 0 0 0 0 0 0 0 0 1 1 1 0 
81 60 [ ] 1 100 1 0 0 0 0 0 0 0 0 0 0 0 0 0 0 0 0 0 0 0 
82 120 [ ] 1 150 0 0 0 0 0 0 0 0 1 1 1 0 0 0 0 0 0 0 0 0 
83 120 [ ] 3 300 0 0 0 0 0 0 0 0 0 0 0 0 0 0 0 0 1 1 0 0 
84 120 [ ] 2 300 1 1 0 0 1 0 0 0 5 4 1 1 1 1 0 0 5 2 0 0 
85 60 [ ] 1 200 2 0 0 0 0 0 0 0 1 1 1 1 1 0 0 0 4 4 0 0 
86 60 [ ] 2 300 0 0 0 0 0 0 0 0 5 4 4 0 0 0 0 0 0 0 0 0 
87 120 [ ] 1 100 1 1 1 1 1 1 1 0 0 0 0 0 1 1 0 0 1 1 1 1 
88 60 [ ] 1 100 0 0 0 0 0 0 0 0 0 0 0 0 0 0 0 0 5 5 4 3 
89 60 [ ] 1 300 0 0 0 0 0 0 0 0 1 1 0 0 0 0 0 0 0 0 0 0 
90 60 [ 88 89 ] 1 50 3 0 0 0 2 0 0 0 3 0 0 0 5 0 0 0 1 0 0 0 
91 60 [ ] 2 600 0 0 0 0 0 0 0 0 0 0 0 0 0 0 0 0 5 0 0 0 
92 120 [ ] 1 200 0 0 0 0 0 0 0 0 1 0 0 0 0 0 0 0 0 0 0 0 
93 15 [ ] 1 300 0 0 0 0 3 0 0 0 0 0 0 0 0 0 0 0 0 0 0 0 
94 60 [ 90 91 92 93 ] 2 150 0 0 0 0 0 0 0 0 4 4 2 0 0 0 0 0 0 0 0 0 
95 52 [ ] 1 300 0 0 0 0 0 0 0 0 0 0 0 0 1 1 1 1 0 0 0 0 
96 60 [ ] 1 200 0 0 0 0 1 1 0 0 0 0 0 0 0 0 0 0 0 0 0 0 
97 60 [ ] 1 200 0 0 0 0 0 0 0 0 0 0 0 0 1 0 0 0 0 0 0 0 
98 60 [ ] 1 200 1 0 0 0 0 0 0 0 0 0 0 0 0 0 0 0 0 0 0 0 
99 15 [ 95 96 97 98 ] 1 600 0 0 0 0 1 0 0 0 0 0 0 0 0 0 0 0 0 0 0 0 
100 60 [ ] 2 600 4 4 2 0 0 0 0 0 0 0 0 0 0 0 0 0 0 0 0 0 
