number time preds prio cost d1_1 d1_2 d2_1 d2_2 d3_1 d3_2  
1 60 [ ] 1 600 1 0 0 0 0 0 
2 15 [ ] 1 200 1 0 0 0 0 0 
3 60 [ 1 2 ] 1 100 1 0 1 0 5 0 
4 60 [ ] 2 200 0 0 0 0 5 0 
5 60 [ 4 ] 3 200 0 0 1 0 0 0 
6 60 [ ] 1 200 1 0 0 0 1 0 
7 60 [ ] 2 300 1 1 1 1 1 1 
8 60 [ ] 1 150 1 0 0 0 0 0 
9 15 [ ] 1 100 5 0 0 0 1 0 
10 15 [ ] 1 300 1 1 0 0 0 0 
11 60 [ ] 1 300 0 0 0 0 1 0 
12 60 [ ] 1 200 0 0 2 0 0 0 
13 60 [ ] 1 150 5 3 0 0 0 0 
14 60 [ 12 13 ] 1 300 0 0 0 0 1 0 
15 60 [ ] 1 300 0 0 0 0 4 0 
16 60 [ ] 1 100 5 0 5 0 1 0 
17 60 [ ] 1 100 1 1 0 0 0 0 
18 120 [ ] 1 300 0 0 1 0 1 1 
19 60 [ ] 1 100 0 0 3 0 0 0 
20 60 [ ] 2 300 0 0 1 0 1 1 
21 60 [ ] 1 300 0 0 1 0 0 0 
22 15 [ ] 1 150 1 1 0 0 1 1 
23 60 [ 19 20 21 22 ] 2 400 0 0 5 0 0 0 
24 60 [ ] 1 400 0 0 1 0 0 0 
25 120 [ ] 1 100 0 0 0 0 1 0 
26 60 [ ] 1 100 0 0 0 0 4 0 
27 15 [ 24 25 26 ] 1 300 0 0 0 0 1 0 
28 120 [ ] 1 100 0 0 0 0 1 0 
29 60 [ ] 1 100 5 0 0 0 0 0 
30 60 [ ] 1 100 0 0 1 0 0 0 
31 120 [ ] 2 600 1 0 0 0 0 0 
32 60 [ ] 1 300 5 0 1 0 1 0 
33 60 [ ] 2 200 5 0 0 0 0 0 
34 60 [ ] 1 300 0 0 0 0 1 1 
35 60 [ ] 1 200 1 1 0 0 0 0 
36 15 [ ] 1 600 0 0 0 0 1 0 
37 60 [ ] 1 150 0 0 1 0 0 0 
38 60 [ ] 1 300 0 0 1 0 0 0 
39 60 [ 38 ] 1 300 5 0 0 0 0 0 
40 60 [ ] 3 300 5 0 1 0 1 1 
41 60 [ ] 3 100 1 1 0 0 0 0 
42 60 [ ] 2 300 0 0 0 0 1 1 
43 15 [ ] 1 300 0 0 0 0 1 1 
44 60 [ ] 1 100 1 0 0 0 3 0 
45 60 [ ] 1 400 4 0 0 0 0 0 
46 60 [ ] 1 100 0 0 0 0 1 0 
47 15 [ ] 2 50 0 0 0 0 2 2 
48 60 [ ] 3 300 0 0 0 0 1 0 
49 60 [ ] 1 100 0 0 5 3 0 0 
50 60 [ ] 1 100 0 0 3 1 1 0 
